#UbUs_1-2023-06-21-Wed-21-47-18.hdf5 sztau_sz0
#iter    ineq        tausus          value 
stat-001    1             0       0.635902 
stat-001    1          0.03       0.624235 
stat-001    1          0.06       0.612871 
stat-001    1          0.09       0.601799 
stat-001    1          0.12       0.591006 
stat-001    1          0.15       0.580487 
stat-001    1          0.18       0.570233 
stat-001    1          0.21       0.560238 
stat-001    1          0.24       0.550489 
stat-001    1          0.27       0.540981 
stat-001    1           0.3       0.531706 
stat-001    1          0.33       0.522657 
stat-001    1          0.36       0.513826 
stat-001    1          0.39       0.505207 
stat-001    1          0.42       0.496795 
stat-001    1          0.45       0.488581 
stat-001    1          0.48        0.48056 
stat-001    1          0.51       0.472726 
stat-001    1          0.54       0.465074 
stat-001    1          0.57       0.457598 
stat-001    1           0.6       0.450293 
stat-001    1          0.63       0.443155 
stat-001    1          0.66       0.436177 
stat-001    1          0.69       0.429355 
stat-001    1          0.72       0.422685 
stat-001    1          0.75       0.416161 
stat-001    1          0.78       0.409781 
stat-001    1          0.81       0.403542 
stat-001    1          0.84       0.397437 
stat-001    1          0.87       0.391462 
stat-001    1           0.9       0.385617 
stat-001    1          0.93       0.379898 
stat-001    1          0.96       0.374299 
stat-001    1          0.99       0.368819 
stat-001    1          1.02       0.363454 
stat-001    1          1.05       0.358202 
stat-001    1          1.08       0.353058 
stat-001    1          1.11       0.348023 
stat-001    1          1.14        0.34309 
stat-001    1          1.17       0.338258 
stat-001    1           1.2       0.333524 
stat-001    1          1.23       0.328886 
stat-001    1          1.26       0.324339 
stat-001    1          1.29       0.319884 
stat-001    1          1.32       0.315518 
stat-001    1          1.35       0.311238 
stat-001    1          1.38       0.307042 
stat-001    1          1.41       0.302929 
stat-001    1          1.44       0.298896 
stat-001    1          1.47       0.294939 
stat-001    1           1.5       0.291059 
stat-001    1          1.53       0.287255 
stat-001    1          1.56       0.283523 
stat-001    1          1.59       0.279863 
stat-001    1          1.62       0.276271 
stat-001    1          1.65       0.272746 
stat-001    1          1.68       0.269287 
stat-001    1          1.71       0.265893 
stat-001    1          1.74       0.262562 
stat-001    1          1.77       0.259292 
stat-001    1           1.8       0.256083 
stat-001    1          1.83       0.252931 
stat-001    1          1.86       0.249836 
stat-001    1          1.89       0.246798 
stat-001    1          1.92       0.243814 
stat-001    1          1.95       0.240881 
stat-001    1          1.98       0.238003 
stat-001    1          2.01       0.235175 
stat-001    1          2.04       0.232397 
stat-001    1          2.07       0.229667 
stat-001    1           2.1       0.226983 
stat-001    1          2.13       0.224347 
stat-001    1          2.16       0.221757 
stat-001    1          2.19       0.219211 
stat-001    1          2.22       0.216708 
stat-001    1          2.25       0.214249 
stat-001    1          2.28       0.211829 
stat-001    1          2.31       0.209451 
stat-001    1          2.34       0.207113 
stat-001    1          2.37       0.204814 
stat-001    1           2.4       0.202554 
stat-001    1          2.43       0.200333 
stat-001    1          2.46        0.19815 
stat-001    1          2.49       0.196001 
stat-001    1          2.52       0.193889 
stat-001    1          2.55       0.191812 
stat-001    1          2.58       0.189768 
stat-001    1          2.61       0.187758 
stat-001    1          2.64        0.18578 
stat-001    1          2.67       0.183834 
stat-001    1           2.7       0.181919 
stat-001    1          2.73       0.180035 
stat-001    1          2.76       0.178178 
stat-001    1          2.79       0.176352 
stat-001    1          2.82       0.174553 
stat-001    1          2.85       0.172783 
stat-001    1          2.88       0.171038 
stat-001    1          2.91       0.169322 
stat-001    1          2.94       0.167632 
stat-001    1          2.97       0.165966 
stat-001    1             3       0.164325 
stat-001    1          3.03       0.162709 
stat-001    1          3.06       0.161119 
stat-001    1          3.09       0.159551 
stat-001    1          3.12       0.158006 
stat-001    1          3.15       0.156483 
stat-001    1          3.18       0.154983 
stat-001    1          3.21       0.153504 
stat-001    1          3.24       0.152048 
stat-001    1          3.27       0.150613 
stat-001    1           3.3       0.149199 
stat-001    1          3.33       0.147805 
stat-001    1          3.36       0.146429 
stat-001    1          3.39       0.145074 
stat-001    1          3.42       0.143738 
stat-001    1          3.45       0.142424 
stat-001    1          3.48       0.141128 
stat-001    1          3.51        0.13985 
stat-001    1          3.54        0.13859 
stat-001    1          3.57       0.137347 
stat-001    1           3.6       0.136122 
stat-001    1          3.63       0.134915 
stat-001    1          3.66       0.133726 
stat-001    1          3.69       0.132553 
stat-001    1          3.72       0.131396 
stat-001    1          3.75       0.130256 
stat-001    1          3.78       0.129132 
stat-001    1          3.81       0.128024 
stat-001    1          3.84       0.126932 
stat-001    1          3.87       0.125855 
stat-001    1           3.9       0.124793 
stat-001    1          3.93       0.123746 
stat-001    1          3.96        0.12271 
stat-001    1          3.99       0.121686 
stat-001    1          4.02       0.120675 
stat-001    1          4.05       0.119677 
stat-001    1          4.08       0.118692 
stat-001    1          4.11       0.117722 
stat-001    1          4.14       0.116765 
stat-001    1          4.17       0.115821 
stat-001    1           4.2       0.114888 
stat-001    1          4.23       0.113967 
stat-001    1          4.26       0.113058 
stat-001    1          4.29       0.112162 
stat-001    1          4.32       0.111277 
stat-001    1          4.35       0.110404 
stat-001    1          4.38       0.109543 
stat-001    1          4.41       0.108693 
stat-001    1          4.44       0.107853 
stat-001    1          4.47       0.107022 
stat-001    1           4.5       0.106202 
stat-001    1          4.53       0.105392 
stat-001    1          4.56       0.104594 
stat-001    1          4.59       0.103807 
stat-001    1          4.62       0.103028 
stat-001    1          4.65       0.102261 
stat-001    1          4.68       0.101502 
stat-001    1          4.71       0.100752 
stat-001    1          4.74       0.100012 
stat-001    1          4.77      0.0992804 
stat-001    1           4.8      0.0985577 
stat-001    1          4.83      0.0978435 
stat-001    1          4.86       0.097137 
stat-001    1          4.89      0.0964395 
stat-001    1          4.92      0.0957509 
stat-001    1          4.95      0.0950706 
stat-001    1          4.98      0.0943996 
stat-001    1          5.01      0.0937376 
stat-001    1          5.04      0.0930829 
stat-001    1          5.07      0.0924353 
stat-001    1           5.1      0.0917959 
stat-001    1          5.13      0.0911639 
stat-001    1          5.16      0.0905383 
stat-001    1          5.19      0.0899214 
stat-001    1          5.22       0.089313 
stat-001    1          5.25       0.088709 
stat-001    1          5.28      0.0881118 
stat-001    1          5.31      0.0875213 
stat-001    1          5.34      0.0869376 
stat-001    1          5.37      0.0863594 
stat-001    1           5.4      0.0857885 
stat-001    1          5.43      0.0852242 
stat-001    1          5.46      0.0846661 
stat-001    1          5.49      0.0841147 
stat-001    1          5.52      0.0835712 
stat-001    1          5.55      0.0830329 
stat-001    1          5.58      0.0825003 
stat-001    1          5.61      0.0819741 
stat-001    1          5.64      0.0814531 
stat-001    1          5.67      0.0809377 
stat-001    1           5.7      0.0804276 
stat-001    1          5.73      0.0799212 
stat-001    1          5.76       0.079419 
stat-001    1          5.79      0.0789228 
stat-001    1          5.82      0.0784341 
stat-001    1          5.85      0.0779514 
stat-001    1          5.88      0.0774755 
stat-001    1          5.91      0.0770051 
stat-001    1          5.94      0.0765397 
stat-001    1          5.97      0.0760797 
stat-001    1             6      0.0756229 
stat-001    1          6.03      0.0751709 
stat-001    1          6.06      0.0747231 
stat-001    1          6.09      0.0742778 
stat-001    1          6.12      0.0738382 
stat-001    1          6.15      0.0734027 
stat-001    1          6.18      0.0729729 
stat-001    1          6.21      0.0725468 
stat-001    1          6.24      0.0721259 
stat-001    1          6.27      0.0717123 
stat-001    1           6.3      0.0713037 
stat-001    1          6.33      0.0708988 
stat-001    1          6.36      0.0704993 
stat-001    1          6.39      0.0701042 
stat-001    1          6.42       0.069713 
stat-001    1          6.45      0.0693276 
stat-001    1          6.48      0.0689462 
stat-001    1          6.51      0.0685686 
stat-001    1          6.54      0.0681939 
stat-001    1          6.57      0.0678243 
stat-001    1           6.6      0.0674581 
stat-001    1          6.63      0.0670944 
stat-001    1          6.66      0.0667334 
stat-001    1          6.69      0.0663774 
stat-001    1          6.72      0.0660246 
stat-001    1          6.75      0.0656762 
stat-001    1          6.78      0.0653314 
stat-001    1          6.81      0.0649903 
stat-001    1          6.84      0.0646529 
stat-001    1          6.87      0.0643196 
stat-001    1           6.9      0.0639877 
stat-001    1          6.93      0.0636599 
stat-001    1          6.96      0.0633356 
stat-001    1          6.99       0.063016 
stat-001    1          7.02      0.0626999 
stat-001    1          7.05      0.0623879 
stat-001    1          7.08      0.0620788 
stat-001    1          7.11      0.0617733 
stat-001    1          7.14      0.0614725 
stat-001    1          7.17      0.0611739 
stat-001    1           7.2      0.0608794 
stat-001    1          7.23      0.0605877 
stat-001    1          7.26      0.0602995 
stat-001    1          7.29      0.0600143 
stat-001    1          7.32      0.0597329 
stat-001    1          7.35      0.0594533 
stat-001    1          7.38      0.0591768 
stat-001    1          7.41      0.0589037 
stat-001    1          7.44      0.0586341 
stat-001    1          7.47      0.0583663 
stat-001    1           7.5      0.0581028 
stat-001    1          7.53      0.0578415 
stat-001    1          7.56      0.0575821 
stat-001    1          7.59      0.0573258 
stat-001    1          7.62       0.057071 
stat-001    1          7.65       0.056819 
stat-001    1          7.68      0.0565684 
stat-001    1          7.71      0.0563203 
stat-001    1          7.74      0.0560732 
stat-001    1          7.77      0.0558279 
stat-001    1           7.8      0.0555859 
stat-001    1          7.83      0.0553456 
stat-001    1          7.86      0.0551082 
stat-001    1          7.89      0.0548747 
stat-001    1          7.92       0.054643 
stat-001    1          7.95      0.0544144 
stat-001    1          7.98      0.0541873 
stat-001    1          8.01      0.0539612 
stat-001    1          8.04      0.0537366 
stat-001    1          8.07      0.0535149 
stat-001    1           8.1      0.0532933 
stat-001    1          8.13      0.0530742 
stat-001    1          8.16      0.0528566 
stat-001    1          8.19      0.0526393 
stat-001    1          8.22      0.0524229 
stat-001    1          8.25      0.0522063 
stat-001    1          8.28      0.0519928 
stat-001    1          8.31       0.051781 
stat-001    1          8.34      0.0515711 
stat-001    1          8.37      0.0513629 
stat-001    1           8.4      0.0511565 
stat-001    1          8.43      0.0509514 
stat-001    1          8.46      0.0507473 
stat-001    1          8.49      0.0505456 
stat-001    1          8.52      0.0503451 
stat-001    1          8.55      0.0501472 
stat-001    1          8.58      0.0499512 
stat-001    1          8.61      0.0497573 
stat-001    1          8.64      0.0495642 
stat-001    1          8.67      0.0493745 
stat-001    1           8.7      0.0491853 
stat-001    1          8.73       0.048998 
stat-001    1          8.76      0.0488127 
stat-001    1          8.79      0.0486277 
stat-001    1          8.82      0.0484442 
stat-001    1          8.85       0.048264 
stat-001    1          8.88      0.0480877 
stat-001    1          8.91      0.0479128 
stat-001    1          8.94      0.0477403 
stat-001    1          8.97       0.047571 
stat-001    1             9      0.0474029 
stat-001    1          9.03      0.0472354 
stat-001    1          9.06       0.047069 
stat-001    1          9.09      0.0469034 
stat-001    1          9.12      0.0467408 
stat-001    1          9.15      0.0465797 
stat-001    1          9.18      0.0464182 
stat-001    1          9.21       0.046259 
stat-001    1          9.24       0.046101 
stat-001    1          9.27      0.0459432 
stat-001    1           9.3      0.0457875 
stat-001    1          9.33      0.0456317 
stat-001    1          9.36      0.0454775 
stat-001    1          9.39      0.0453236 
stat-001    1          9.42      0.0451717 
stat-001    1          9.45      0.0450206 
stat-001    1          9.48      0.0448719 
stat-001    1          9.51      0.0447233 
stat-001    1          9.54      0.0445781 
stat-001    1          9.57      0.0444341 
stat-001    1           9.6      0.0442946 
stat-001    1          9.63      0.0441557 
stat-001    1          9.66      0.0440168 
stat-001    1          9.69      0.0438782 
stat-001    1          9.72      0.0437403 
stat-001    1          9.75      0.0436034 
stat-001    1          9.78      0.0434671 
stat-001    1          9.81       0.043332 
stat-001    1          9.84      0.0431987 
stat-001    1          9.87      0.0430673 
stat-001    1           9.9      0.0429377 
stat-001    1          9.93      0.0428105 
stat-001    1          9.96      0.0426845 
stat-001    1          9.99      0.0425575 
stat-001    1         10.02      0.0424327 
stat-001    1         10.05      0.0423096 
stat-001    1         10.08      0.0421906 
stat-001    1         10.11      0.0420727 
stat-001    1         10.14      0.0419566 
stat-001    1         10.17      0.0418429 
stat-001    1          10.2      0.0417286 
stat-001    1         10.23      0.0416154 
stat-001    1         10.26      0.0415033 
stat-001    1         10.29      0.0413918 
stat-001    1         10.32      0.0412828 
stat-001    1         10.35       0.041174 
stat-001    1         10.38      0.0410676 
stat-001    1         10.41       0.040962 
stat-001    1         10.44      0.0408581 
stat-001    1         10.47      0.0407547 
stat-001    1          10.5      0.0406525 
stat-001    1         10.53      0.0405514 
stat-001    1         10.56       0.040452 
stat-001    1         10.59      0.0403541 
stat-001    1         10.62      0.0402579 
stat-001    1         10.65       0.040164 
stat-001    1         10.68      0.0400715 
stat-001    1         10.71      0.0399796 
stat-001    1         10.74      0.0398894 
stat-001    1         10.77      0.0397996 
stat-001    1          10.8      0.0397099 
stat-001    1         10.83      0.0396217 
stat-001    1         10.86      0.0395348 
stat-001    1         10.89      0.0394487 
stat-001    1         10.92      0.0393626 
stat-001    1         10.95      0.0392779 
stat-001    1         10.98      0.0391925 
stat-001    1         11.01      0.0391068 
stat-001    1         11.04      0.0390214 
stat-001    1         11.07      0.0389356 
stat-001    1          11.1      0.0388484 
stat-001    1         11.13      0.0387628 
stat-001    1         11.16      0.0386779 
stat-001    1         11.19      0.0385938 
stat-001    1         11.22      0.0385116 
stat-001    1         11.25      0.0384292 
stat-001    1         11.28      0.0383466 
stat-001    1         11.31      0.0382644 
stat-001    1         11.34       0.038183 
stat-001    1         11.37      0.0381024 
stat-001    1          11.4      0.0380212 
stat-001    1         11.43      0.0379419 
stat-001    1         11.46      0.0378643 
stat-001    1         11.49      0.0377877 
stat-001    1         11.52      0.0377116 
stat-001    1         11.55      0.0376381 
stat-001    1         11.58      0.0375641 
stat-001    1         11.61      0.0374913 
stat-001    1         11.64       0.037419 
stat-001    1         11.67      0.0373488 
stat-001    1          11.7       0.037279 
stat-001    1         11.73      0.0372118 
stat-001    1         11.76      0.0371453 
stat-001    1         11.79      0.0370791 
stat-001    1         11.82      0.0370138 
stat-001    1         11.85      0.0369494 
stat-001    1         11.88      0.0368854 
stat-001    1         11.91      0.0368233 
stat-001    1         11.94      0.0367621 
stat-001    1         11.97      0.0367033 
stat-001    1            12      0.0366458 
stat-001    1         12.03      0.0365869 
stat-001    1         12.06      0.0365299 
stat-001    1         12.09      0.0364744 
stat-001    1         12.12      0.0364196 
stat-001    1         12.15      0.0363629 
stat-001    1         12.18      0.0363072 
stat-001    1         12.21       0.036252 
stat-001    1         12.24      0.0361992 
stat-001    1         12.27      0.0361478 
stat-001    1          12.3      0.0360975 
stat-001    1         12.33       0.036047 
stat-001    1         12.36      0.0359958 
stat-001    1         12.39      0.0359447 
stat-001    1         12.42       0.035894 
stat-001    1         12.45      0.0358435 
stat-001    1         12.48      0.0357954 
stat-001    1         12.51      0.0357497 
stat-001    1         12.54      0.0357026 
stat-001    1         12.57      0.0356556 
stat-001    1          12.6      0.0356085 
stat-001    1         12.63      0.0355606 
stat-001    1         12.66      0.0355148 
stat-001    1         12.69      0.0354696 
stat-001    1         12.72       0.035423 
stat-001    1         12.75       0.035378 
stat-001    1         12.78      0.0353351 
stat-001    1         12.81      0.0352936 
stat-001    1         12.84      0.0352537 
stat-001    1         12.87      0.0352147 
stat-001    1          12.9      0.0351758 
stat-001    1         12.93      0.0351371 
stat-001    1         12.96      0.0350974 
stat-001    1         12.99      0.0350583 
stat-001    1         13.02      0.0350202 
stat-001    1         13.05      0.0349824 
stat-001    1         13.08      0.0349453 
stat-001    1         13.11      0.0349086 
stat-001    1         13.14      0.0348718 
stat-001    1         13.17      0.0348363 
stat-001    1          13.2      0.0348002 
stat-001    1         13.23      0.0347626 
stat-001    1         13.26      0.0347271 
stat-001    1         13.29      0.0346937 
stat-001    1         13.32      0.0346627 
stat-001    1         13.35      0.0346315 
stat-001    1         13.38      0.0346016 
stat-001    1         13.41      0.0345731 
stat-001    1         13.44      0.0345455 
stat-001    1         13.47      0.0345193 
stat-001    1          13.5      0.0344938 
stat-001    1         13.53      0.0344687 
stat-001    1         13.56       0.034445 
stat-001    1         13.59      0.0344214 
stat-001    1         13.62      0.0343967 
stat-001    1         13.65      0.0343732 
stat-001    1         13.68      0.0343518 
stat-001    1         13.71      0.0343312 
stat-001    1         13.74      0.0343112 
stat-001    1         13.77      0.0342914 
stat-001    1          13.8      0.0342723 
stat-001    1         13.83      0.0342534 
stat-001    1         13.86      0.0342339 
stat-001    1         13.89      0.0342131 
stat-001    1         13.92       0.034193 
stat-001    1         13.95      0.0341741 
stat-001    1         13.98      0.0341544 
stat-001    1         14.01      0.0341352 
stat-001    1         14.04      0.0341169 
stat-001    1         14.07      0.0341001 
stat-001    1          14.1      0.0340802 
stat-001    1         14.13      0.0340594 
stat-001    1         14.16      0.0340395 
stat-001    1         14.19      0.0340203 
stat-001    1         14.22      0.0340002 
stat-001    1         14.25      0.0339813 
stat-001    1         14.28       0.033962 
stat-001    1         14.31      0.0339433 
stat-001    1         14.34      0.0339269 
stat-001    1         14.37      0.0339118 
stat-001    1          14.4      0.0338978 
stat-001    1         14.43      0.0338846 
stat-001    1         14.46      0.0338716 
stat-001    1         14.49      0.0338604 
stat-001    1         14.52      0.0338506 
stat-001    1         14.55      0.0338409 
stat-001    1         14.58      0.0338318 
stat-001    1         14.61      0.0338226 
stat-001    1         14.64      0.0338132 
stat-001    1         14.67      0.0338031 
stat-001    1          14.7      0.0337945 
stat-001    1         14.73      0.0337868 
stat-001    1         14.76       0.033779 
stat-001    1         14.79      0.0337717 
stat-001    1         14.82      0.0337632 
stat-001    1         14.85      0.0337576 
stat-001    1         14.88      0.0337534 
stat-001    1         14.91      0.0337493 
stat-001    1         14.94      0.0337485 
stat-001    1         14.97      0.0337485 
stat-001    1            15      0.0337477 
stat-001    1         15.03      0.0337485 
stat-001    1         15.06      0.0337485 
stat-001    1         15.09      0.0337493 
stat-001    1         15.12      0.0337534 
stat-001    1         15.15      0.0337576 
stat-001    1         15.18      0.0337632 
stat-001    1         15.21      0.0337717 
stat-001    1         15.24       0.033779 
stat-001    1         15.27      0.0337868 
stat-001    1          15.3      0.0337945 
stat-001    1         15.33      0.0338031 
stat-001    1         15.36      0.0338132 
stat-001    1         15.39      0.0338226 
stat-001    1         15.42      0.0338318 
stat-001    1         15.45      0.0338409 
stat-001    1         15.48      0.0338506 
stat-001    1         15.51      0.0338604 
stat-001    1         15.54      0.0338716 
stat-001    1         15.57      0.0338846 
stat-001    1          15.6      0.0338978 
stat-001    1         15.63      0.0339118 
stat-001    1         15.66      0.0339269 
stat-001    1         15.69      0.0339433 
stat-001    1         15.72       0.033962 
stat-001    1         15.75      0.0339813 
stat-001    1         15.78      0.0340002 
stat-001    1         15.81      0.0340203 
stat-001    1         15.84      0.0340395 
stat-001    1         15.87      0.0340594 
stat-001    1          15.9      0.0340802 
stat-001    1         15.93      0.0341001 
stat-001    1         15.96      0.0341169 
stat-001    1         15.99      0.0341352 
stat-001    1         16.02      0.0341544 
stat-001    1         16.05      0.0341741 
stat-001    1         16.08       0.034193 
stat-001    1         16.11      0.0342131 
stat-001    1         16.14      0.0342339 
stat-001    1         16.17      0.0342534 
stat-001    1          16.2      0.0342723 
stat-001    1         16.23      0.0342914 
stat-001    1         16.26      0.0343112 
stat-001    1         16.29      0.0343312 
stat-001    1         16.32      0.0343518 
stat-001    1         16.35      0.0343732 
stat-001    1         16.38      0.0343967 
stat-001    1         16.41      0.0344214 
stat-001    1         16.44       0.034445 
stat-001    1         16.47      0.0344687 
stat-001    1          16.5      0.0344938 
stat-001    1         16.53      0.0345193 
stat-001    1         16.56      0.0345455 
stat-001    1         16.59      0.0345731 
stat-001    1         16.62      0.0346016 
stat-001    1         16.65      0.0346315 
stat-001    1         16.68      0.0346627 
stat-001    1         16.71      0.0346937 
stat-001    1         16.74      0.0347271 
stat-001    1         16.77      0.0347626 
stat-001    1          16.8      0.0348002 
stat-001    1         16.83      0.0348363 
stat-001    1         16.86      0.0348718 
stat-001    1         16.89      0.0349086 
stat-001    1         16.92      0.0349453 
stat-001    1         16.95      0.0349824 
stat-001    1         16.98      0.0350202 
stat-001    1         17.01      0.0350583 
stat-001    1         17.04      0.0350974 
stat-001    1         17.07      0.0351371 
stat-001    1          17.1      0.0351758 
stat-001    1         17.13      0.0352147 
stat-001    1         17.16      0.0352537 
stat-001    1         17.19      0.0352936 
stat-001    1         17.22      0.0353351 
stat-001    1         17.25       0.035378 
stat-001    1         17.28       0.035423 
stat-001    1         17.31      0.0354696 
stat-001    1         17.34      0.0355148 
stat-001    1         17.37      0.0355606 
stat-001    1          17.4      0.0356085 
stat-001    1         17.43      0.0356556 
stat-001    1         17.46      0.0357026 
stat-001    1         17.49      0.0357497 
stat-001    1         17.52      0.0357954 
stat-001    1         17.55      0.0358435 
stat-001    1         17.58       0.035894 
stat-001    1         17.61      0.0359447 
stat-001    1         17.64      0.0359958 
stat-001    1         17.67       0.036047 
stat-001    1          17.7      0.0360975 
stat-001    1         17.73      0.0361478 
stat-001    1         17.76      0.0361992 
stat-001    1         17.79       0.036252 
stat-001    1         17.82      0.0363072 
stat-001    1         17.85      0.0363629 
stat-001    1         17.88      0.0364196 
stat-001    1         17.91      0.0364744 
stat-001    1         17.94      0.0365299 
stat-001    1         17.97      0.0365869 
stat-001    1            18      0.0366458 
stat-001    1         18.03      0.0367033 
stat-001    1         18.06      0.0367621 
stat-001    1         18.09      0.0368233 
stat-001    1         18.12      0.0368854 
stat-001    1         18.15      0.0369494 
stat-001    1         18.18      0.0370138 
stat-001    1         18.21      0.0370791 
stat-001    1         18.24      0.0371453 
stat-001    1         18.27      0.0372118 
stat-001    1          18.3       0.037279 
stat-001    1         18.33      0.0373488 
stat-001    1         18.36       0.037419 
stat-001    1         18.39      0.0374913 
stat-001    1         18.42      0.0375641 
stat-001    1         18.45      0.0376381 
stat-001    1         18.48      0.0377116 
stat-001    1         18.51      0.0377877 
stat-001    1         18.54      0.0378643 
stat-001    1         18.57      0.0379419 
stat-001    1          18.6      0.0380212 
stat-001    1         18.63      0.0381024 
stat-001    1         18.66       0.038183 
stat-001    1         18.69      0.0382644 
stat-001    1         18.72      0.0383466 
stat-001    1         18.75      0.0384292 
stat-001    1         18.78      0.0385116 
stat-001    1         18.81      0.0385938 
stat-001    1         18.84      0.0386779 
stat-001    1         18.87      0.0387628 
stat-001    1          18.9      0.0388484 
stat-001    1         18.93      0.0389356 
stat-001    1         18.96      0.0390214 
stat-001    1         18.99      0.0391068 
stat-001    1         19.02      0.0391925 
stat-001    1         19.05      0.0392779 
stat-001    1         19.08      0.0393626 
stat-001    1         19.11      0.0394487 
stat-001    1         19.14      0.0395348 
stat-001    1         19.17      0.0396217 
stat-001    1          19.2      0.0397099 
stat-001    1         19.23      0.0397996 
stat-001    1         19.26      0.0398894 
stat-001    1         19.29      0.0399796 
stat-001    1         19.32      0.0400715 
stat-001    1         19.35       0.040164 
stat-001    1         19.38      0.0402579 
stat-001    1         19.41      0.0403541 
stat-001    1         19.44       0.040452 
stat-001    1         19.47      0.0405514 
stat-001    1          19.5      0.0406525 
stat-001    1         19.53      0.0407547 
stat-001    1         19.56      0.0408581 
stat-001    1         19.59       0.040962 
stat-001    1         19.62      0.0410676 
stat-001    1         19.65       0.041174 
stat-001    1         19.68      0.0412828 
stat-001    1         19.71      0.0413918 
stat-001    1         19.74      0.0415033 
stat-001    1         19.77      0.0416154 
stat-001    1          19.8      0.0417286 
stat-001    1         19.83      0.0418429 
stat-001    1         19.86      0.0419566 
stat-001    1         19.89      0.0420727 
stat-001    1         19.92      0.0421906 
stat-001    1         19.95      0.0423096 
stat-001    1         19.98      0.0424327 
stat-001    1         20.01      0.0425575 
stat-001    1         20.04      0.0426845 
stat-001    1         20.07      0.0428105 
stat-001    1          20.1      0.0429377 
stat-001    1         20.13      0.0430673 
stat-001    1         20.16      0.0431987 
stat-001    1         20.19       0.043332 
stat-001    1         20.22      0.0434671 
stat-001    1         20.25      0.0436034 
stat-001    1         20.28      0.0437403 
stat-001    1         20.31      0.0438782 
stat-001    1         20.34      0.0440168 
stat-001    1         20.37      0.0441557 
stat-001    1          20.4      0.0442946 
stat-001    1         20.43      0.0444341 
stat-001    1         20.46      0.0445781 
stat-001    1         20.49      0.0447233 
stat-001    1         20.52      0.0448719 
stat-001    1         20.55      0.0450206 
stat-001    1         20.58      0.0451717 
stat-001    1         20.61      0.0453236 
stat-001    1         20.64      0.0454775 
stat-001    1         20.67      0.0456317 
stat-001    1          20.7      0.0457875 
stat-001    1         20.73      0.0459432 
stat-001    1         20.76       0.046101 
stat-001    1         20.79       0.046259 
stat-001    1         20.82      0.0464181 
stat-001    1         20.85      0.0465797 
stat-001    1         20.88      0.0467408 
stat-001    1         20.91      0.0469034 
stat-001    1         20.94       0.047069 
stat-001    1         20.97      0.0472354 
stat-001    1            21      0.0474029 
stat-001    1         21.03       0.047571 
stat-001    1         21.06      0.0477403 
stat-001    1         21.09      0.0479128 
stat-001    1         21.12      0.0480877 
stat-001    1         21.15       0.048264 
stat-001    1         21.18      0.0484442 
stat-001    1         21.21      0.0486277 
stat-001    1         21.24      0.0488127 
stat-001    1         21.27       0.048998 
stat-001    1          21.3      0.0491853 
stat-001    1         21.33      0.0493745 
stat-001    1         21.36      0.0495642 
stat-001    1         21.39      0.0497573 
stat-001    1         21.42      0.0499512 
stat-001    1         21.45      0.0501472 
stat-001    1         21.48      0.0503451 
stat-001    1         21.51      0.0505456 
stat-001    1         21.54      0.0507473 
stat-001    1         21.57      0.0509514 
stat-001    1          21.6      0.0511565 
stat-001    1         21.63      0.0513629 
stat-001    1         21.66      0.0515711 
stat-001    1         21.69       0.051781 
stat-001    1         21.72      0.0519928 
stat-001    1         21.75      0.0522063 
stat-001    1         21.78      0.0524229 
stat-001    1         21.81      0.0526393 
stat-001    1         21.84      0.0528566 
stat-001    1         21.87      0.0530742 
stat-001    1          21.9      0.0532933 
stat-001    1         21.93      0.0535149 
stat-001    1         21.96      0.0537366 
stat-001    1         21.99      0.0539612 
stat-001    1         22.02      0.0541873 
stat-001    1         22.05      0.0544144 
stat-001    1         22.08       0.054643 
stat-001    1         22.11      0.0548747 
stat-001    1         22.14      0.0551082 
stat-001    1         22.17      0.0553456 
stat-001    1          22.2      0.0555859 
stat-001    1         22.23      0.0558279 
stat-001    1         22.26      0.0560732 
stat-001    1         22.29      0.0563203 
stat-001    1         22.32      0.0565684 
stat-001    1         22.35       0.056819 
stat-001    1         22.38       0.057071 
stat-001    1         22.41      0.0573258 
stat-001    1         22.44      0.0575821 
stat-001    1         22.47      0.0578415 
stat-001    1          22.5      0.0581028 
stat-001    1         22.53      0.0583663 
stat-001    1         22.56      0.0586341 
stat-001    1         22.59      0.0589037 
stat-001    1         22.62      0.0591768 
stat-001    1         22.65      0.0594533 
stat-001    1         22.68      0.0597329 
stat-001    1         22.71      0.0600143 
stat-001    1         22.74      0.0602995 
stat-001    1         22.77      0.0605877 
stat-001    1          22.8      0.0608794 
stat-001    1         22.83      0.0611739 
stat-001    1         22.86      0.0614725 
stat-001    1         22.89      0.0617733 
stat-001    1         22.92      0.0620788 
stat-001    1         22.95      0.0623879 
stat-001    1         22.98      0.0626999 
stat-001    1         23.01       0.063016 
stat-001    1         23.04      0.0633356 
stat-001    1         23.07      0.0636599 
stat-001    1          23.1      0.0639877 
stat-001    1         23.13      0.0643196 
stat-001    1         23.16      0.0646529 
stat-001    1         23.19      0.0649903 
stat-001    1         23.22      0.0653314 
stat-001    1         23.25      0.0656762 
stat-001    1         23.28      0.0660246 
stat-001    1         23.31      0.0663774 
stat-001    1         23.34      0.0667334 
stat-001    1         23.37      0.0670944 
stat-001    1          23.4      0.0674581 
stat-001    1         23.43      0.0678243 
stat-001    1         23.46      0.0681939 
stat-001    1         23.49      0.0685686 
stat-001    1         23.52      0.0689462 
stat-001    1         23.55      0.0693276 
stat-001    1         23.58       0.069713 
stat-001    1         23.61      0.0701042 
stat-001    1         23.64      0.0704993 
stat-001    1         23.67      0.0708988 
stat-001    1          23.7      0.0713037 
stat-001    1         23.73      0.0717123 
stat-001    1         23.76      0.0721259 
stat-001    1         23.79      0.0725468 
stat-001    1         23.82      0.0729729 
stat-001    1         23.85      0.0734027 
stat-001    1         23.88      0.0738382 
stat-001    1         23.91      0.0742778 
stat-001    1         23.94      0.0747231 
stat-001    1         23.97      0.0751709 
stat-001    1            24      0.0756229 
stat-001    1         24.03      0.0760797 
stat-001    1         24.06      0.0765397 
stat-001    1         24.09      0.0770051 
stat-001    1         24.12      0.0774755 
stat-001    1         24.15      0.0779514 
stat-001    1         24.18      0.0784341 
stat-001    1         24.21      0.0789228 
stat-001    1         24.24       0.079419 
stat-001    1         24.27      0.0799212 
stat-001    1          24.3      0.0804276 
stat-001    1         24.33      0.0809377 
stat-001    1         24.36      0.0814531 
stat-001    1         24.39      0.0819741 
stat-001    1         24.42      0.0825003 
stat-001    1         24.45      0.0830329 
stat-001    1         24.48      0.0835712 
stat-001    1         24.51      0.0841147 
stat-001    1         24.54      0.0846661 
stat-001    1         24.57      0.0852242 
stat-001    1          24.6      0.0857885 
stat-001    1         24.63      0.0863594 
stat-001    1         24.66      0.0869376 
stat-001    1         24.69      0.0875213 
stat-001    1         24.72      0.0881118 
stat-001    1         24.75       0.088709 
stat-001    1         24.78       0.089313 
stat-001    1         24.81      0.0899214 
stat-001    1         24.84      0.0905383 
stat-001    1         24.87      0.0911639 
stat-001    1          24.9      0.0917959 
stat-001    1         24.93      0.0924353 
stat-001    1         24.96      0.0930829 
stat-001    1         24.99      0.0937376 
stat-001    1         25.02      0.0943996 
stat-001    1         25.05      0.0950706 
stat-001    1         25.08      0.0957509 
stat-001    1         25.11      0.0964395 
stat-001    1         25.14       0.097137 
stat-001    1         25.17      0.0978435 
stat-001    1          25.2      0.0985577 
stat-001    1         25.23      0.0992804 
stat-001    1         25.26       0.100012 
stat-001    1         25.29       0.100752 
stat-001    1         25.32       0.101502 
stat-001    1         25.35       0.102261 
stat-001    1         25.38       0.103028 
stat-001    1         25.41       0.103807 
stat-001    1         25.44       0.104594 
stat-001    1         25.47       0.105392 
stat-001    1          25.5       0.106202 
stat-001    1         25.53       0.107022 
stat-001    1         25.56       0.107853 
stat-001    1         25.59       0.108693 
stat-001    1         25.62       0.109543 
stat-001    1         25.65       0.110404 
stat-001    1         25.68       0.111277 
stat-001    1         25.71       0.112162 
stat-001    1         25.74       0.113058 
stat-001    1         25.77       0.113967 
stat-001    1          25.8       0.114888 
stat-001    1         25.83       0.115821 
stat-001    1         25.86       0.116765 
stat-001    1         25.89       0.117722 
stat-001    1         25.92       0.118692 
stat-001    1         25.95       0.119677 
stat-001    1         25.98       0.120675 
stat-001    1         26.01       0.121686 
stat-001    1         26.04        0.12271 
stat-001    1         26.07       0.123746 
stat-001    1          26.1       0.124793 
stat-001    1         26.13       0.125855 
stat-001    1         26.16       0.126932 
stat-001    1         26.19       0.128024 
stat-001    1         26.22       0.129132 
stat-001    1         26.25       0.130256 
stat-001    1         26.28       0.131396 
stat-001    1         26.31       0.132553 
stat-001    1         26.34       0.133726 
stat-001    1         26.37       0.134915 
stat-001    1          26.4       0.136122 
stat-001    1         26.43       0.137347 
stat-001    1         26.46        0.13859 
stat-001    1         26.49        0.13985 
stat-001    1         26.52       0.141128 
stat-001    1         26.55       0.142424 
stat-001    1         26.58       0.143738 
stat-001    1         26.61       0.145074 
stat-001    1         26.64       0.146429 
stat-001    1         26.67       0.147805 
stat-001    1          26.7       0.149199 
stat-001    1         26.73       0.150613 
stat-001    1         26.76       0.152048 
stat-001    1         26.79       0.153504 
stat-001    1         26.82       0.154983 
stat-001    1         26.85       0.156483 
stat-001    1         26.88       0.158006 
stat-001    1         26.91       0.159551 
stat-001    1         26.94       0.161119 
stat-001    1         26.97       0.162709 
stat-001    1            27       0.164325 
stat-001    1         27.03       0.165966 
stat-001    1         27.06       0.167632 
stat-001    1         27.09       0.169322 
stat-001    1         27.12       0.171038 
stat-001    1         27.15       0.172783 
stat-001    1         27.18       0.174553 
stat-001    1         27.21       0.176352 
stat-001    1         27.24       0.178178 
stat-001    1         27.27       0.180035 
stat-001    1          27.3       0.181919 
stat-001    1         27.33       0.183834 
stat-001    1         27.36        0.18578 
stat-001    1         27.39       0.187758 
stat-001    1         27.42       0.189768 
stat-001    1         27.45       0.191812 
stat-001    1         27.48       0.193889 
stat-001    1         27.51       0.196001 
stat-001    1         27.54        0.19815 
stat-001    1         27.57       0.200333 
stat-001    1          27.6       0.202554 
stat-001    1         27.63       0.204814 
stat-001    1         27.66       0.207113 
stat-001    1         27.69       0.209451 
stat-001    1         27.72       0.211829 
stat-001    1         27.75       0.214249 
stat-001    1         27.78       0.216708 
stat-001    1         27.81       0.219211 
stat-001    1         27.84       0.221757 
stat-001    1         27.87       0.224347 
stat-001    1          27.9       0.226983 
stat-001    1         27.93       0.229667 
stat-001    1         27.96       0.232397 
stat-001    1         27.99       0.235175 
stat-001    1         28.02       0.238003 
stat-001    1         28.05       0.240881 
stat-001    1         28.08       0.243814 
stat-001    1         28.11       0.246798 
stat-001    1         28.14       0.249836 
stat-001    1         28.17       0.252931 
stat-001    1          28.2       0.256083 
stat-001    1         28.23       0.259292 
stat-001    1         28.26       0.262562 
stat-001    1         28.29       0.265893 
stat-001    1         28.32       0.269287 
stat-001    1         28.35       0.272746 
stat-001    1         28.38       0.276271 
stat-001    1         28.41       0.279863 
stat-001    1         28.44       0.283523 
stat-001    1         28.47       0.287255 
stat-001    1          28.5       0.291059 
stat-001    1         28.53       0.294939 
stat-001    1         28.56       0.298896 
stat-001    1         28.59       0.302929 
stat-001    1         28.62       0.307042 
stat-001    1         28.65       0.311238 
stat-001    1         28.68       0.315518 
stat-001    1         28.71       0.319884 
stat-001    1         28.74       0.324339 
stat-001    1         28.77       0.328886 
stat-001    1          28.8       0.333524 
stat-001    1         28.83       0.338258 
stat-001    1         28.86        0.34309 
stat-001    1         28.89       0.348023 
stat-001    1         28.92       0.353058 
stat-001    1         28.95       0.358202 
stat-001    1         28.98       0.363454 
stat-001    1         29.01       0.368819 
stat-001    1         29.04       0.374299 
stat-001    1         29.07       0.379898 
stat-001    1          29.1       0.385617 
stat-001    1         29.13       0.391462 
stat-001    1         29.16       0.397437 
stat-001    1         29.19       0.403542 
stat-001    1         29.22       0.409781 
stat-001    1         29.25       0.416161 
stat-001    1         29.28       0.422685 
stat-001    1         29.31       0.429355 
stat-001    1         29.34       0.436177 
stat-001    1         29.37       0.443155 
stat-001    1          29.4       0.450293 
stat-001    1         29.43       0.457598 
stat-001    1         29.46       0.465074 
stat-001    1         29.49       0.472726 
stat-001    1         29.52        0.48056 
stat-001    1         29.55       0.488581 
stat-001    1         29.58       0.496795 
stat-001    1         29.61       0.505207 
stat-001    1         29.64       0.513826 
stat-001    1         29.67       0.522657 
stat-001    1          29.7       0.531706 
stat-001    1         29.73       0.540981 
stat-001    1         29.76       0.550489 
stat-001    1         29.79       0.560238 
stat-001    1         29.82       0.570233 
stat-001    1         29.85       0.580487 
stat-001    1         29.88       0.591006 
stat-001    1         29.91       0.601799 
stat-001    1         29.94       0.612871 
stat-001    1         29.97       0.624235 
stat-001    1            30       0.635902 
