#UbUs_1-2023-06-21-Wed-19-14-57.hdf5 sztau_sz0
#iter    ineq        tausus          value 
stat-001    1             0       0.751636 
stat-001    1          0.03       0.743119 
stat-001    1          0.06       0.734832 
stat-001    1          0.09       0.726765 
stat-001    1          0.12       0.718906 
stat-001    1          0.15       0.711245 
stat-001    1          0.18       0.703772 
stat-001    1          0.21       0.696482 
stat-001    1          0.24       0.689362 
stat-001    1          0.27       0.682407 
stat-001    1           0.3        0.67561 
stat-001    1          0.33       0.668962 
stat-001    1          0.36       0.662459 
stat-001    1          0.39       0.656095 
stat-001    1          0.42       0.649865 
stat-001    1          0.45       0.643763 
stat-001    1          0.48       0.637784 
stat-001    1          0.51       0.631926 
stat-001    1          0.54       0.626184 
stat-001    1          0.57       0.620553 
stat-001    1           0.6       0.615028 
stat-001    1          0.63       0.609607 
stat-001    1          0.66       0.604285 
stat-001    1          0.69       0.599058 
stat-001    1          0.72       0.593925 
stat-001    1          0.75       0.588884 
stat-001    1          0.78        0.58393 
stat-001    1          0.81       0.579062 
stat-001    1          0.84       0.574274 
stat-001    1          0.87       0.569565 
stat-001    1           0.9       0.564933 
stat-001    1          0.93       0.560378 
stat-001    1          0.96       0.555896 
stat-001    1          0.99       0.551486 
stat-001    1          1.02       0.547144 
stat-001    1          1.05       0.542869 
stat-001    1          1.08       0.538657 
stat-001    1          1.11        0.53451 
stat-001    1          1.14       0.530424 
stat-001    1          1.17       0.526399 
stat-001    1           1.2       0.522433 
stat-001    1          1.23       0.518524 
stat-001    1          1.26       0.514671 
stat-001    1          1.29       0.510873 
stat-001    1          1.32       0.507129 
stat-001    1          1.35       0.503436 
stat-001    1          1.38       0.499794 
stat-001    1          1.41       0.496204 
stat-001    1          1.44       0.492663 
stat-001    1          1.47        0.48917 
stat-001    1           1.5       0.485725 
stat-001    1          1.53       0.482326 
stat-001    1          1.56       0.478971 
stat-001    1          1.59       0.475658 
stat-001    1          1.62       0.472388 
stat-001    1          1.65       0.469161 
stat-001    1          1.68       0.465975 
stat-001    1          1.71        0.46283 
stat-001    1          1.74       0.459724 
stat-001    1          1.77       0.456658 
stat-001    1           1.8       0.453629 
stat-001    1          1.83       0.450636 
stat-001    1          1.86       0.447679 
stat-001    1          1.89       0.444759 
stat-001    1          1.92       0.441873 
stat-001    1          1.95       0.439021 
stat-001    1          1.98         0.4362 
stat-001    1          2.01       0.433414 
stat-001    1          2.04       0.430662 
stat-001    1          2.07       0.427943 
stat-001    1           2.1       0.425253 
stat-001    1          2.13       0.422595 
stat-001    1          2.16       0.419967 
stat-001    1          2.19       0.417371 
stat-001    1          2.22       0.414804 
stat-001    1          2.25       0.412266 
stat-001    1          2.28       0.409756 
stat-001    1          2.31       0.407274 
stat-001    1          2.34       0.404819 
stat-001    1          2.37       0.402391 
stat-001    1           2.4       0.399989 
stat-001    1          2.43       0.397614 
stat-001    1          2.46       0.395263 
stat-001    1          2.49       0.392936 
stat-001    1          2.52       0.390636 
stat-001    1          2.55        0.38836 
stat-001    1          2.58        0.38611 
stat-001    1          2.61       0.383884 
stat-001    1          2.64        0.38168 
stat-001    1          2.67       0.379499 
stat-001    1           2.7        0.37734 
stat-001    1          2.73       0.375204 
stat-001    1          2.76       0.373089 
stat-001    1          2.79       0.370997 
stat-001    1          2.82       0.368926 
stat-001    1          2.85       0.366876 
stat-001    1          2.88       0.364847 
stat-001    1          2.91       0.362838 
stat-001    1          2.94        0.36085 
stat-001    1          2.97       0.358882 
stat-001    1             3       0.356935 
stat-001    1          3.03       0.355007 
stat-001    1          3.06       0.353098 
stat-001    1          3.09       0.351209 
stat-001    1          3.12       0.349339 
stat-001    1          3.15       0.347487 
stat-001    1          3.18       0.345652 
stat-001    1          3.21       0.343836 
stat-001    1          3.24       0.342037 
stat-001    1          3.27       0.340256 
stat-001    1           3.3       0.338492 
stat-001    1          3.33       0.336745 
stat-001    1          3.36       0.335015 
stat-001    1          3.39         0.3333 
stat-001    1          3.42       0.331604 
stat-001    1          3.45       0.329924 
stat-001    1          3.48       0.328261 
stat-001    1          3.51       0.326612 
stat-001    1          3.54       0.324979 
stat-001    1          3.57       0.323361 
stat-001    1           3.6       0.321758 
stat-001    1          3.63        0.32017 
stat-001    1          3.66       0.318598 
stat-001    1          3.69       0.317041 
stat-001    1          3.72       0.315497 
stat-001    1          3.75       0.313968 
stat-001    1          3.78       0.312452 
stat-001    1          3.81       0.310951 
stat-001    1          3.84       0.309464 
stat-001    1          3.87       0.307991 
stat-001    1           3.9       0.306531 
stat-001    1          3.93       0.305083 
stat-001    1          3.96        0.30365 
stat-001    1          3.99       0.302226 
stat-001    1          4.02       0.300815 
stat-001    1          4.05       0.299418 
stat-001    1          4.08       0.298035 
stat-001    1          4.11       0.296663 
stat-001    1          4.14       0.295304 
stat-001    1          4.17       0.293957 
stat-001    1           4.2       0.292622 
stat-001    1          4.23       0.291298 
stat-001    1          4.26       0.289986 
stat-001    1          4.29       0.288685 
stat-001    1          4.32       0.287396 
stat-001    1          4.35       0.286117 
stat-001    1          4.38       0.284849 
stat-001    1          4.41        0.28359 
stat-001    1          4.44       0.282342 
stat-001    1          4.47       0.281104 
stat-001    1           4.5       0.279875 
stat-001    1          4.53       0.278658 
stat-001    1          4.56        0.27745 
stat-001    1          4.59       0.276251 
stat-001    1          4.62       0.275064 
stat-001    1          4.65       0.273888 
stat-001    1          4.68       0.272722 
stat-001    1          4.71       0.271565 
stat-001    1          4.74       0.270418 
stat-001    1          4.77        0.26928 
stat-001    1           4.8       0.268153 
stat-001    1          4.83       0.267035 
stat-001    1          4.86       0.265926 
stat-001    1          4.89       0.264827 
stat-001    1          4.92       0.263738 
stat-001    1          4.95       0.262658 
stat-001    1          4.98       0.261588 
stat-001    1          5.01       0.260526 
stat-001    1          5.04       0.259474 
stat-001    1          5.07        0.25843 
stat-001    1           5.1       0.257393 
stat-001    1          5.13       0.256366 
stat-001    1          5.16       0.255346 
stat-001    1          5.19       0.254336 
stat-001    1          5.22       0.253333 
stat-001    1          5.25        0.25234 
stat-001    1          5.28       0.251354 
stat-001    1          5.31       0.250375 
stat-001    1          5.34       0.249404 
stat-001    1          5.37        0.24844 
stat-001    1           5.4       0.247483 
stat-001    1          5.43       0.246533 
stat-001    1          5.46       0.245593 
stat-001    1          5.49       0.244659 
stat-001    1          5.52       0.243732 
stat-001    1          5.55       0.242813 
stat-001    1          5.58       0.241902 
stat-001    1          5.61       0.240998 
stat-001    1          5.64       0.240101 
stat-001    1          5.67        0.23921 
stat-001    1           5.7       0.238327 
stat-001    1          5.73       0.237451 
stat-001    1          5.76       0.236582 
stat-001    1          5.79       0.235719 
stat-001    1          5.82       0.234863 
stat-001    1          5.85       0.234013 
stat-001    1          5.88       0.233168 
stat-001    1          5.91        0.23233 
stat-001    1          5.94       0.231499 
stat-001    1          5.97       0.230673 
stat-001    1             6       0.229854 
stat-001    1          6.03       0.229042 
stat-001    1          6.06       0.228236 
stat-001    1          6.09       0.227437 
stat-001    1          6.12       0.226645 
stat-001    1          6.15       0.225858 
stat-001    1          6.18       0.225078 
stat-001    1          6.21       0.224304 
stat-001    1          6.24       0.223538 
stat-001    1          6.27       0.222777 
stat-001    1           6.3       0.222021 
stat-001    1          6.33        0.22127 
stat-001    1          6.36       0.220526 
stat-001    1          6.39       0.219786 
stat-001    1          6.42       0.219052 
stat-001    1          6.45       0.218322 
stat-001    1          6.48         0.2176 
stat-001    1          6.51       0.216883 
stat-001    1          6.54       0.216173 
stat-001    1          6.57       0.215469 
stat-001    1           6.6        0.21477 
stat-001    1          6.63       0.214076 
stat-001    1          6.66       0.213388 
stat-001    1          6.69       0.212705 
stat-001    1          6.72       0.212027 
stat-001    1          6.75       0.211355 
stat-001    1          6.78       0.210689 
stat-001    1          6.81        0.21003 
stat-001    1          6.84       0.209377 
stat-001    1          6.87        0.20873 
stat-001    1           6.9       0.208088 
stat-001    1          6.93        0.20745 
stat-001    1          6.96       0.206818 
stat-001    1          6.99        0.20619 
stat-001    1          7.02       0.205567 
stat-001    1          7.05       0.204948 
stat-001    1          7.08       0.204335 
stat-001    1          7.11       0.203725 
stat-001    1          7.14       0.203118 
stat-001    1          7.17       0.202516 
stat-001    1           7.2       0.201918 
stat-001    1          7.23       0.201325 
stat-001    1          7.26       0.200735 
stat-001    1          7.29       0.200148 
stat-001    1          7.32       0.199566 
stat-001    1          7.35       0.198988 
stat-001    1          7.38       0.198414 
stat-001    1          7.41       0.197843 
stat-001    1          7.44       0.197276 
stat-001    1          7.47       0.196715 
stat-001    1           7.5       0.196159 
stat-001    1          7.53       0.195607 
stat-001    1          7.56       0.195059 
stat-001    1          7.59       0.194515 
stat-001    1          7.62       0.193973 
stat-001    1          7.65       0.193438 
stat-001    1          7.68       0.192906 
stat-001    1          7.71        0.19238 
stat-001    1          7.74       0.191856 
stat-001    1          7.77       0.191336 
stat-001    1           7.8        0.19082 
stat-001    1          7.83       0.190307 
stat-001    1          7.86       0.189798 
stat-001    1          7.89       0.189293 
stat-001    1          7.92       0.188791 
stat-001    1          7.95       0.188294 
stat-001    1          7.98       0.187801 
stat-001    1          8.01       0.187311 
stat-001    1          8.04       0.186826 
stat-001    1          8.07       0.186343 
stat-001    1           8.1       0.185864 
stat-001    1          8.13       0.185388 
stat-001    1          8.16       0.184916 
stat-001    1          8.19       0.184448 
stat-001    1          8.22       0.183984 
stat-001    1          8.25       0.183524 
stat-001    1          8.28       0.183068 
stat-001    1          8.31       0.182616 
stat-001    1          8.34       0.182167 
stat-001    1          8.37       0.181722 
stat-001    1           8.4       0.181281 
stat-001    1          8.43       0.180842 
stat-001    1          8.46       0.180408 
stat-001    1          8.49       0.179976 
stat-001    1          8.52       0.179548 
stat-001    1          8.55       0.179123 
stat-001    1          8.58       0.178701 
stat-001    1          8.61       0.178282 
stat-001    1          8.64       0.177867 
stat-001    1          8.67       0.177454 
stat-001    1           8.7       0.177045 
stat-001    1          8.73       0.176639 
stat-001    1          8.76       0.176235 
stat-001    1          8.79       0.175836 
stat-001    1          8.82        0.17544 
stat-001    1          8.85       0.175048 
stat-001    1          8.88        0.17466 
stat-001    1          8.91       0.174275 
stat-001    1          8.94       0.173893 
stat-001    1          8.97       0.173514 
stat-001    1             9       0.173137 
stat-001    1          9.03       0.172765 
stat-001    1          9.06       0.172396 
stat-001    1          9.09       0.172029 
stat-001    1          9.12       0.171666 
stat-001    1          9.15       0.171306 
stat-001    1          9.18       0.170949 
stat-001    1          9.21       0.170593 
stat-001    1          9.24       0.170239 
stat-001    1          9.27       0.169889 
stat-001    1           9.3        0.16954 
stat-001    1          9.33       0.169195 
stat-001    1          9.36       0.168851 
stat-001    1          9.39        0.16851 
stat-001    1          9.42       0.168172 
stat-001    1          9.45       0.167839 
stat-001    1          9.48       0.167507 
stat-001    1          9.51       0.167179 
stat-001    1          9.54       0.166854 
stat-001    1          9.57       0.166529 
stat-001    1           9.6       0.166207 
stat-001    1          9.63       0.165888 
stat-001    1          9.66       0.165572 
stat-001    1          9.69       0.165258 
stat-001    1          9.72       0.164946 
stat-001    1          9.75       0.164637 
stat-001    1          9.78       0.164331 
stat-001    1          9.81       0.164026 
stat-001    1          9.84       0.163724 
stat-001    1          9.87       0.163424 
stat-001    1           9.9       0.163126 
stat-001    1          9.93       0.162831 
stat-001    1          9.96       0.162539 
stat-001    1          9.99       0.162249 
stat-001    1         10.02       0.161963 
stat-001    1         10.05       0.161678 
stat-001    1         10.08       0.161395 
stat-001    1         10.11       0.161115 
stat-001    1         10.14       0.160837 
stat-001    1         10.17       0.160561 
stat-001    1          10.2       0.160287 
stat-001    1         10.23       0.160015 
stat-001    1         10.26       0.159747 
stat-001    1         10.29       0.159481 
stat-001    1         10.32       0.159216 
stat-001    1         10.35       0.158952 
stat-001    1         10.38       0.158691 
stat-001    1         10.41       0.158432 
stat-001    1         10.44       0.158175 
stat-001    1         10.47       0.157921 
stat-001    1          10.5       0.157669 
stat-001    1         10.53       0.157419 
stat-001    1         10.56       0.157171 
stat-001    1         10.59       0.156925 
stat-001    1         10.62       0.156681 
stat-001    1         10.65       0.156439 
stat-001    1         10.68       0.156199 
stat-001    1         10.71       0.155961 
stat-001    1         10.74       0.155724 
stat-001    1         10.77        0.15549 
stat-001    1          10.8       0.155258 
stat-001    1         10.83       0.155029 
stat-001    1         10.86       0.154803 
stat-001    1         10.89       0.154579 
stat-001    1         10.92       0.154358 
stat-001    1         10.95       0.154138 
stat-001    1         10.98       0.153921 
stat-001    1         11.01       0.153708 
stat-001    1         11.04       0.153496 
stat-001    1         11.07       0.153286 
stat-001    1          11.1       0.153077 
stat-001    1         11.13        0.15287 
stat-001    1         11.16       0.152664 
stat-001    1         11.19       0.152461 
stat-001    1         11.22        0.15226 
stat-001    1         11.25       0.152059 
stat-001    1         11.28       0.151861 
stat-001    1         11.31       0.151664 
stat-001    1         11.34       0.151469 
stat-001    1         11.37       0.151276 
stat-001    1          11.4       0.151084 
stat-001    1         11.43       0.150894 
stat-001    1         11.46       0.150705 
stat-001    1         11.49       0.150517 
stat-001    1         11.52        0.15033 
stat-001    1         11.55       0.150145 
stat-001    1         11.58       0.149962 
stat-001    1         11.61       0.149781 
stat-001    1         11.64       0.149602 
stat-001    1         11.67       0.149423 
stat-001    1          11.7       0.149247 
stat-001    1         11.73       0.149071 
stat-001    1         11.76       0.148899 
stat-001    1         11.79       0.148729 
stat-001    1         11.82        0.14856 
stat-001    1         11.85       0.148392 
stat-001    1         11.88       0.148227 
stat-001    1         11.91       0.148063 
stat-001    1         11.94       0.147901 
stat-001    1         11.97       0.147742 
stat-001    1            12       0.147583 
stat-001    1         12.03       0.147428 
stat-001    1         12.06       0.147275 
stat-001    1         12.09       0.147123 
stat-001    1         12.12       0.146973 
stat-001    1         12.15       0.146825 
stat-001    1         12.18       0.146679 
stat-001    1         12.21       0.146535 
stat-001    1         12.24       0.146393 
stat-001    1         12.27       0.146252 
stat-001    1          12.3       0.146111 
stat-001    1         12.33       0.145971 
stat-001    1         12.36       0.145834 
stat-001    1         12.39         0.1457 
stat-001    1         12.42       0.145568 
stat-001    1         12.45        0.14544 
stat-001    1         12.48       0.145313 
stat-001    1         12.51       0.145187 
stat-001    1         12.54       0.145064 
stat-001    1         12.57       0.144942 
stat-001    1          12.6       0.144822 
stat-001    1         12.63       0.144703 
stat-001    1         12.66       0.144586 
stat-001    1         12.69       0.144471 
stat-001    1         12.72       0.144355 
stat-001    1         12.75       0.144242 
stat-001    1         12.78       0.144131 
stat-001    1         12.81       0.144021 
stat-001    1         12.84       0.143913 
stat-001    1         12.87       0.143808 
stat-001    1          12.9       0.143703 
stat-001    1         12.93       0.143599 
stat-001    1         12.96       0.143498 
stat-001    1         12.99       0.143398 
stat-001    1         13.02         0.1433 
stat-001    1         13.05       0.143204 
stat-001    1         13.08        0.14311 
stat-001    1         13.11       0.143017 
stat-001    1         13.14       0.142926 
stat-001    1         13.17       0.142835 
stat-001    1          13.2       0.142745 
stat-001    1         13.23       0.142657 
stat-001    1         13.26       0.142571 
stat-001    1         13.29       0.142486 
stat-001    1         13.32       0.142402 
stat-001    1         13.35        0.14232 
stat-001    1         13.38       0.142239 
stat-001    1         13.41       0.142161 
stat-001    1         13.44       0.142084 
stat-001    1         13.47       0.142008 
stat-001    1          13.5       0.141934 
stat-001    1         13.53       0.141862 
stat-001    1         13.56       0.141791 
stat-001    1         13.59       0.141723 
stat-001    1         13.62       0.141656 
stat-001    1         13.65       0.141591 
stat-001    1         13.68       0.141528 
stat-001    1         13.71       0.141467 
stat-001    1         13.74       0.141408 
stat-001    1         13.77        0.14135 
stat-001    1          13.8       0.141295 
stat-001    1         13.83        0.14124 
stat-001    1         13.86       0.141187 
stat-001    1         13.89       0.141135 
stat-001    1         13.92       0.141084 
stat-001    1         13.95       0.141033 
stat-001    1         13.98       0.140985 
stat-001    1         14.01       0.140938 
stat-001    1         14.04       0.140891 
stat-001    1         14.07       0.140846 
stat-001    1          14.1       0.140803 
stat-001    1         14.13       0.140761 
stat-001    1         14.16       0.140721 
stat-001    1         14.19       0.140681 
stat-001    1         14.22       0.140643 
stat-001    1         14.25       0.140607 
stat-001    1         14.28       0.140572 
stat-001    1         14.31       0.140538 
stat-001    1         14.34       0.140506 
stat-001    1         14.37       0.140475 
stat-001    1          14.4       0.140446 
stat-001    1         14.43       0.140417 
stat-001    1         14.46       0.140391 
stat-001    1         14.49       0.140365 
stat-001    1         14.52       0.140342 
stat-001    1         14.55       0.140321 
stat-001    1         14.58       0.140301 
stat-001    1         14.61       0.140282 
stat-001    1         14.64       0.140264 
stat-001    1         14.67       0.140249 
stat-001    1          14.7       0.140235 
stat-001    1         14.73       0.140222 
stat-001    1         14.76        0.14021 
stat-001    1         14.79       0.140199 
stat-001    1         14.82       0.140189 
stat-001    1         14.85       0.140181 
stat-001    1         14.88       0.140172 
stat-001    1         14.91       0.140164 
stat-001    1         14.94       0.140159 
stat-001    1         14.97       0.140156 
stat-001    1            15       0.140155 
stat-001    1         15.03       0.140156 
stat-001    1         15.06       0.140159 
stat-001    1         15.09       0.140164 
stat-001    1         15.12       0.140172 
stat-001    1         15.15       0.140181 
stat-001    1         15.18       0.140189 
stat-001    1         15.21       0.140199 
stat-001    1         15.24        0.14021 
stat-001    1         15.27       0.140222 
stat-001    1          15.3       0.140235 
stat-001    1         15.33       0.140249 
stat-001    1         15.36       0.140264 
stat-001    1         15.39       0.140282 
stat-001    1         15.42       0.140301 
stat-001    1         15.45       0.140321 
stat-001    1         15.48       0.140342 
stat-001    1         15.51       0.140365 
stat-001    1         15.54       0.140391 
stat-001    1         15.57       0.140417 
stat-001    1          15.6       0.140446 
stat-001    1         15.63       0.140475 
stat-001    1         15.66       0.140506 
stat-001    1         15.69       0.140538 
stat-001    1         15.72       0.140572 
stat-001    1         15.75       0.140607 
stat-001    1         15.78       0.140643 
stat-001    1         15.81       0.140681 
stat-001    1         15.84       0.140721 
stat-001    1         15.87       0.140761 
stat-001    1          15.9       0.140803 
stat-001    1         15.93       0.140846 
stat-001    1         15.96       0.140891 
stat-001    1         15.99       0.140938 
stat-001    1         16.02       0.140985 
stat-001    1         16.05       0.141033 
stat-001    1         16.08       0.141084 
stat-001    1         16.11       0.141135 
stat-001    1         16.14       0.141187 
stat-001    1         16.17        0.14124 
stat-001    1          16.2       0.141295 
stat-001    1         16.23        0.14135 
stat-001    1         16.26       0.141408 
stat-001    1         16.29       0.141467 
stat-001    1         16.32       0.141528 
stat-001    1         16.35       0.141591 
stat-001    1         16.38       0.141656 
stat-001    1         16.41       0.141723 
stat-001    1         16.44       0.141791 
stat-001    1         16.47       0.141862 
stat-001    1          16.5       0.141934 
stat-001    1         16.53       0.142008 
stat-001    1         16.56       0.142084 
stat-001    1         16.59       0.142161 
stat-001    1         16.62       0.142239 
stat-001    1         16.65        0.14232 
stat-001    1         16.68       0.142402 
stat-001    1         16.71       0.142486 
stat-001    1         16.74       0.142571 
stat-001    1         16.77       0.142657 
stat-001    1          16.8       0.142745 
stat-001    1         16.83       0.142835 
stat-001    1         16.86       0.142926 
stat-001    1         16.89       0.143017 
stat-001    1         16.92        0.14311 
stat-001    1         16.95       0.143204 
stat-001    1         16.98         0.1433 
stat-001    1         17.01       0.143398 
stat-001    1         17.04       0.143498 
stat-001    1         17.07       0.143599 
stat-001    1          17.1       0.143703 
stat-001    1         17.13       0.143808 
stat-001    1         17.16       0.143913 
stat-001    1         17.19       0.144021 
stat-001    1         17.22       0.144131 
stat-001    1         17.25       0.144242 
stat-001    1         17.28       0.144355 
stat-001    1         17.31       0.144471 
stat-001    1         17.34       0.144586 
stat-001    1         17.37       0.144703 
stat-001    1          17.4       0.144822 
stat-001    1         17.43       0.144942 
stat-001    1         17.46       0.145064 
stat-001    1         17.49       0.145187 
stat-001    1         17.52       0.145313 
stat-001    1         17.55        0.14544 
stat-001    1         17.58       0.145568 
stat-001    1         17.61         0.1457 
stat-001    1         17.64       0.145834 
stat-001    1         17.67       0.145971 
stat-001    1          17.7       0.146111 
stat-001    1         17.73       0.146252 
stat-001    1         17.76       0.146393 
stat-001    1         17.79       0.146535 
stat-001    1         17.82       0.146679 
stat-001    1         17.85       0.146825 
stat-001    1         17.88       0.146973 
stat-001    1         17.91       0.147123 
stat-001    1         17.94       0.147275 
stat-001    1         17.97       0.147428 
stat-001    1            18       0.147583 
stat-001    1         18.03       0.147742 
stat-001    1         18.06       0.147901 
stat-001    1         18.09       0.148063 
stat-001    1         18.12       0.148227 
stat-001    1         18.15       0.148392 
stat-001    1         18.18        0.14856 
stat-001    1         18.21       0.148729 
stat-001    1         18.24       0.148899 
stat-001    1         18.27       0.149071 
stat-001    1          18.3       0.149247 
stat-001    1         18.33       0.149423 
stat-001    1         18.36       0.149602 
stat-001    1         18.39       0.149781 
stat-001    1         18.42       0.149962 
stat-001    1         18.45       0.150145 
stat-001    1         18.48        0.15033 
stat-001    1         18.51       0.150517 
stat-001    1         18.54       0.150705 
stat-001    1         18.57       0.150894 
stat-001    1          18.6       0.151084 
stat-001    1         18.63       0.151276 
stat-001    1         18.66       0.151469 
stat-001    1         18.69       0.151664 
stat-001    1         18.72       0.151861 
stat-001    1         18.75       0.152059 
stat-001    1         18.78        0.15226 
stat-001    1         18.81       0.152461 
stat-001    1         18.84       0.152664 
stat-001    1         18.87        0.15287 
stat-001    1          18.9       0.153077 
stat-001    1         18.93       0.153286 
stat-001    1         18.96       0.153496 
stat-001    1         18.99       0.153708 
stat-001    1         19.02       0.153921 
stat-001    1         19.05       0.154138 
stat-001    1         19.08       0.154358 
stat-001    1         19.11       0.154579 
stat-001    1         19.14       0.154803 
stat-001    1         19.17       0.155029 
stat-001    1          19.2       0.155258 
stat-001    1         19.23        0.15549 
stat-001    1         19.26       0.155724 
stat-001    1         19.29       0.155961 
stat-001    1         19.32       0.156199 
stat-001    1         19.35       0.156439 
stat-001    1         19.38       0.156681 
stat-001    1         19.41       0.156925 
stat-001    1         19.44       0.157171 
stat-001    1         19.47       0.157419 
stat-001    1          19.5       0.157669 
stat-001    1         19.53       0.157921 
stat-001    1         19.56       0.158175 
stat-001    1         19.59       0.158432 
stat-001    1         19.62       0.158691 
stat-001    1         19.65       0.158952 
stat-001    1         19.68       0.159216 
stat-001    1         19.71       0.159481 
stat-001    1         19.74       0.159747 
stat-001    1         19.77       0.160015 
stat-001    1          19.8       0.160287 
stat-001    1         19.83       0.160561 
stat-001    1         19.86       0.160837 
stat-001    1         19.89       0.161115 
stat-001    1         19.92       0.161395 
stat-001    1         19.95       0.161678 
stat-001    1         19.98       0.161963 
stat-001    1         20.01       0.162249 
stat-001    1         20.04       0.162539 
stat-001    1         20.07       0.162831 
stat-001    1          20.1       0.163126 
stat-001    1         20.13       0.163424 
stat-001    1         20.16       0.163724 
stat-001    1         20.19       0.164026 
stat-001    1         20.22       0.164331 
stat-001    1         20.25       0.164637 
stat-001    1         20.28       0.164946 
stat-001    1         20.31       0.165258 
stat-001    1         20.34       0.165572 
stat-001    1         20.37       0.165888 
stat-001    1          20.4       0.166207 
stat-001    1         20.43       0.166529 
stat-001    1         20.46       0.166854 
stat-001    1         20.49       0.167179 
stat-001    1         20.52       0.167507 
stat-001    1         20.55       0.167839 
stat-001    1         20.58       0.168172 
stat-001    1         20.61        0.16851 
stat-001    1         20.64       0.168851 
stat-001    1         20.67       0.169195 
stat-001    1          20.7        0.16954 
stat-001    1         20.73       0.169889 
stat-001    1         20.76       0.170239 
stat-001    1         20.79       0.170593 
stat-001    1         20.82       0.170949 
stat-001    1         20.85       0.171306 
stat-001    1         20.88       0.171666 
stat-001    1         20.91       0.172029 
stat-001    1         20.94       0.172396 
stat-001    1         20.97       0.172765 
stat-001    1            21       0.173137 
stat-001    1         21.03       0.173514 
stat-001    1         21.06       0.173893 
stat-001    1         21.09       0.174275 
stat-001    1         21.12        0.17466 
stat-001    1         21.15       0.175048 
stat-001    1         21.18        0.17544 
stat-001    1         21.21       0.175836 
stat-001    1         21.24       0.176235 
stat-001    1         21.27       0.176639 
stat-001    1          21.3       0.177045 
stat-001    1         21.33       0.177454 
stat-001    1         21.36       0.177867 
stat-001    1         21.39       0.178282 
stat-001    1         21.42       0.178701 
stat-001    1         21.45       0.179123 
stat-001    1         21.48       0.179548 
stat-001    1         21.51       0.179976 
stat-001    1         21.54       0.180408 
stat-001    1         21.57       0.180842 
stat-001    1          21.6       0.181281 
stat-001    1         21.63       0.181722 
stat-001    1         21.66       0.182167 
stat-001    1         21.69       0.182616 
stat-001    1         21.72       0.183068 
stat-001    1         21.75       0.183524 
stat-001    1         21.78       0.183984 
stat-001    1         21.81       0.184448 
stat-001    1         21.84       0.184916 
stat-001    1         21.87       0.185388 
stat-001    1          21.9       0.185864 
stat-001    1         21.93       0.186343 
stat-001    1         21.96       0.186826 
stat-001    1         21.99       0.187311 
stat-001    1         22.02       0.187801 
stat-001    1         22.05       0.188294 
stat-001    1         22.08       0.188791 
stat-001    1         22.11       0.189293 
stat-001    1         22.14       0.189798 
stat-001    1         22.17       0.190307 
stat-001    1          22.2        0.19082 
stat-001    1         22.23       0.191336 
stat-001    1         22.26       0.191856 
stat-001    1         22.29        0.19238 
stat-001    1         22.32       0.192906 
stat-001    1         22.35       0.193438 
stat-001    1         22.38       0.193973 
stat-001    1         22.41       0.194515 
stat-001    1         22.44       0.195059 
stat-001    1         22.47       0.195607 
stat-001    1          22.5       0.196159 
stat-001    1         22.53       0.196715 
stat-001    1         22.56       0.197276 
stat-001    1         22.59       0.197843 
stat-001    1         22.62       0.198414 
stat-001    1         22.65       0.198988 
stat-001    1         22.68       0.199566 
stat-001    1         22.71       0.200148 
stat-001    1         22.74       0.200735 
stat-001    1         22.77       0.201325 
stat-001    1          22.8       0.201918 
stat-001    1         22.83       0.202516 
stat-001    1         22.86       0.203118 
stat-001    1         22.89       0.203725 
stat-001    1         22.92       0.204335 
stat-001    1         22.95       0.204948 
stat-001    1         22.98       0.205567 
stat-001    1         23.01        0.20619 
stat-001    1         23.04       0.206818 
stat-001    1         23.07        0.20745 
stat-001    1          23.1       0.208088 
stat-001    1         23.13        0.20873 
stat-001    1         23.16       0.209377 
stat-001    1         23.19        0.21003 
stat-001    1         23.22       0.210689 
stat-001    1         23.25       0.211355 
stat-001    1         23.28       0.212027 
stat-001    1         23.31       0.212705 
stat-001    1         23.34       0.213388 
stat-001    1         23.37       0.214076 
stat-001    1          23.4        0.21477 
stat-001    1         23.43       0.215469 
stat-001    1         23.46       0.216173 
stat-001    1         23.49       0.216883 
stat-001    1         23.52         0.2176 
stat-001    1         23.55       0.218322 
stat-001    1         23.58       0.219052 
stat-001    1         23.61       0.219786 
stat-001    1         23.64       0.220526 
stat-001    1         23.67        0.22127 
stat-001    1          23.7       0.222021 
stat-001    1         23.73       0.222777 
stat-001    1         23.76       0.223538 
stat-001    1         23.79       0.224304 
stat-001    1         23.82       0.225078 
stat-001    1         23.85       0.225858 
stat-001    1         23.88       0.226645 
stat-001    1         23.91       0.227437 
stat-001    1         23.94       0.228236 
stat-001    1         23.97       0.229042 
stat-001    1            24       0.229854 
stat-001    1         24.03       0.230673 
stat-001    1         24.06       0.231499 
stat-001    1         24.09        0.23233 
stat-001    1         24.12       0.233168 
stat-001    1         24.15       0.234013 
stat-001    1         24.18       0.234863 
stat-001    1         24.21       0.235719 
stat-001    1         24.24       0.236582 
stat-001    1         24.27       0.237451 
stat-001    1          24.3       0.238327 
stat-001    1         24.33        0.23921 
stat-001    1         24.36       0.240101 
stat-001    1         24.39       0.240998 
stat-001    1         24.42       0.241902 
stat-001    1         24.45       0.242813 
stat-001    1         24.48       0.243732 
stat-001    1         24.51       0.244659 
stat-001    1         24.54       0.245593 
stat-001    1         24.57       0.246533 
stat-001    1          24.6       0.247483 
stat-001    1         24.63        0.24844 
stat-001    1         24.66       0.249404 
stat-001    1         24.69       0.250375 
stat-001    1         24.72       0.251354 
stat-001    1         24.75        0.25234 
stat-001    1         24.78       0.253333 
stat-001    1         24.81       0.254336 
stat-001    1         24.84       0.255346 
stat-001    1         24.87       0.256366 
stat-001    1          24.9       0.257393 
stat-001    1         24.93        0.25843 
stat-001    1         24.96       0.259474 
stat-001    1         24.99       0.260526 
stat-001    1         25.02       0.261588 
stat-001    1         25.05       0.262658 
stat-001    1         25.08       0.263738 
stat-001    1         25.11       0.264827 
stat-001    1         25.14       0.265926 
stat-001    1         25.17       0.267035 
stat-001    1          25.2       0.268153 
stat-001    1         25.23        0.26928 
stat-001    1         25.26       0.270418 
stat-001    1         25.29       0.271565 
stat-001    1         25.32       0.272722 
stat-001    1         25.35       0.273888 
stat-001    1         25.38       0.275064 
stat-001    1         25.41       0.276251 
stat-001    1         25.44        0.27745 
stat-001    1         25.47       0.278658 
stat-001    1          25.5       0.279875 
stat-001    1         25.53       0.281104 
stat-001    1         25.56       0.282342 
stat-001    1         25.59        0.28359 
stat-001    1         25.62       0.284849 
stat-001    1         25.65       0.286117 
stat-001    1         25.68       0.287396 
stat-001    1         25.71       0.288685 
stat-001    1         25.74       0.289986 
stat-001    1         25.77       0.291298 
stat-001    1          25.8       0.292622 
stat-001    1         25.83       0.293957 
stat-001    1         25.86       0.295304 
stat-001    1         25.89       0.296663 
stat-001    1         25.92       0.298035 
stat-001    1         25.95       0.299418 
stat-001    1         25.98       0.300815 
stat-001    1         26.01       0.302226 
stat-001    1         26.04        0.30365 
stat-001    1         26.07       0.305083 
stat-001    1          26.1       0.306531 
stat-001    1         26.13       0.307991 
stat-001    1         26.16       0.309464 
stat-001    1         26.19       0.310951 
stat-001    1         26.22       0.312452 
stat-001    1         26.25       0.313968 
stat-001    1         26.28       0.315497 
stat-001    1         26.31       0.317041 
stat-001    1         26.34       0.318598 
stat-001    1         26.37        0.32017 
stat-001    1          26.4       0.321758 
stat-001    1         26.43       0.323361 
stat-001    1         26.46       0.324979 
stat-001    1         26.49       0.326612 
stat-001    1         26.52       0.328261 
stat-001    1         26.55       0.329924 
stat-001    1         26.58       0.331604 
stat-001    1         26.61         0.3333 
stat-001    1         26.64       0.335015 
stat-001    1         26.67       0.336745 
stat-001    1          26.7       0.338492 
stat-001    1         26.73       0.340256 
stat-001    1         26.76       0.342037 
stat-001    1         26.79       0.343836 
stat-001    1         26.82       0.345652 
stat-001    1         26.85       0.347487 
stat-001    1         26.88       0.349339 
stat-001    1         26.91       0.351209 
stat-001    1         26.94       0.353098 
stat-001    1         26.97       0.355007 
stat-001    1            27       0.356935 
stat-001    1         27.03       0.358882 
stat-001    1         27.06        0.36085 
stat-001    1         27.09       0.362838 
stat-001    1         27.12       0.364847 
stat-001    1         27.15       0.366876 
stat-001    1         27.18       0.368926 
stat-001    1         27.21       0.370997 
stat-001    1         27.24       0.373089 
stat-001    1         27.27       0.375204 
stat-001    1          27.3        0.37734 
stat-001    1         27.33       0.379499 
stat-001    1         27.36        0.38168 
stat-001    1         27.39       0.383884 
stat-001    1         27.42        0.38611 
stat-001    1         27.45        0.38836 
stat-001    1         27.48       0.390636 
stat-001    1         27.51       0.392936 
stat-001    1         27.54       0.395263 
stat-001    1         27.57       0.397614 
stat-001    1          27.6       0.399989 
stat-001    1         27.63       0.402391 
stat-001    1         27.66       0.404819 
stat-001    1         27.69       0.407274 
stat-001    1         27.72       0.409756 
stat-001    1         27.75       0.412266 
stat-001    1         27.78       0.414804 
stat-001    1         27.81       0.417371 
stat-001    1         27.84       0.419967 
stat-001    1         27.87       0.422595 
stat-001    1          27.9       0.425253 
stat-001    1         27.93       0.427943 
stat-001    1         27.96       0.430662 
stat-001    1         27.99       0.433414 
stat-001    1         28.02         0.4362 
stat-001    1         28.05       0.439021 
stat-001    1         28.08       0.441873 
stat-001    1         28.11       0.444759 
stat-001    1         28.14       0.447679 
stat-001    1         28.17       0.450636 
stat-001    1          28.2       0.453629 
stat-001    1         28.23       0.456658 
stat-001    1         28.26       0.459724 
stat-001    1         28.29        0.46283 
stat-001    1         28.32       0.465975 
stat-001    1         28.35       0.469161 
stat-001    1         28.38       0.472388 
stat-001    1         28.41       0.475658 
stat-001    1         28.44       0.478971 
stat-001    1         28.47       0.482326 
stat-001    1          28.5       0.485725 
stat-001    1         28.53        0.48917 
stat-001    1         28.56       0.492663 
stat-001    1         28.59       0.496204 
stat-001    1         28.62       0.499794 
stat-001    1         28.65       0.503436 
stat-001    1         28.68       0.507129 
stat-001    1         28.71       0.510873 
stat-001    1         28.74       0.514671 
stat-001    1         28.77       0.518524 
stat-001    1          28.8       0.522433 
stat-001    1         28.83       0.526399 
stat-001    1         28.86       0.530424 
stat-001    1         28.89        0.53451 
stat-001    1         28.92       0.538657 
stat-001    1         28.95       0.542869 
stat-001    1         28.98       0.547144 
stat-001    1         29.01       0.551486 
stat-001    1         29.04       0.555896 
stat-001    1         29.07       0.560378 
stat-001    1          29.1       0.564933 
stat-001    1         29.13       0.569565 
stat-001    1         29.16       0.574274 
stat-001    1         29.19       0.579062 
stat-001    1         29.22        0.58393 
stat-001    1         29.25       0.588884 
stat-001    1         29.28       0.593925 
stat-001    1         29.31       0.599058 
stat-001    1         29.34       0.604285 
stat-001    1         29.37       0.609607 
stat-001    1          29.4       0.615028 
stat-001    1         29.43       0.620553 
stat-001    1         29.46       0.626184 
stat-001    1         29.49       0.631926 
stat-001    1         29.52       0.637784 
stat-001    1         29.55       0.643763 
stat-001    1         29.58       0.649865 
stat-001    1         29.61       0.656095 
stat-001    1         29.64       0.662459 
stat-001    1         29.67       0.668962 
stat-001    1          29.7        0.67561 
stat-001    1         29.73       0.682407 
stat-001    1         29.76       0.689362 
stat-001    1         29.79       0.696482 
stat-001    1         29.82       0.703772 
stat-001    1         29.85       0.711245 
stat-001    1         29.88       0.718906 
stat-001    1         29.91       0.726765 
stat-001    1         29.94       0.734832 
stat-001    1         29.97       0.743119 
stat-001    1            30       0.751636 
