#UbUs_1b-2023-08-01-Tue-11-33-41.hdf5 ntau-n0
#iter    ineq band1 spin1 band2 spin2        tausus          value         error 
dmft-005    1     1     1     1     2             0       0.145097   0.000615212 
dmft-005    1     1     1     1     2           0.4       0.153967   0.000612375 
dmft-005    1     1     1     1     2           0.8       0.168315     0.0006089 
dmft-005    1     1     1     1     2           1.2       0.181706   0.000606095 
dmft-005    1     1     1     1     2           1.6       0.193031   0.000601207 
dmft-005    1     1     1     1     2             2       0.202421   0.000598758 
dmft-005    1     1     1     1     2           2.4       0.210154   0.000595913 
dmft-005    1     1     1     1     2           2.8       0.216583    0.00059213 
dmft-005    1     1     1     1     2           3.2       0.221968   0.000590807 
dmft-005    1     1     1     1     2           3.6       0.226513     0.0005912 
dmft-005    1     1     1     1     2             4       0.230366   0.000590219 
dmft-005    1     1     1     1     2           4.4       0.233663   0.000586653 
dmft-005    1     1     1     1     2           4.8       0.236481   0.000582573 
dmft-005    1     1     1     1     2           5.2       0.238917    0.00057906 
dmft-005    1     1     1     1     2           5.6       0.241023   0.000575422 
dmft-005    1     1     1     1     2             6       0.242852   0.000572802 
dmft-005    1     1     1     1     2           6.4       0.244443   0.000569249 
dmft-005    1     1     1     1     2           6.8        0.24585   0.000568016 
dmft-005    1     1     1     1     2           7.2        0.24708   0.000565155 
dmft-005    1     1     1     1     2           7.6       0.248162   0.000562281 
dmft-005    1     1     1     1     2             8       0.249129   0.000564794 
dmft-005    1     1     1     1     2           8.4        0.24998   0.000565123 
dmft-005    1     1     1     1     2           8.8       0.250731   0.000560877 
dmft-005    1     1     1     1     2           9.2       0.251404   0.000559075 
dmft-005    1     1     1     1     2           9.6       0.251975   0.000559517 
dmft-005    1     1     1     1     2            10       0.252497   0.000556561 
dmft-005    1     1     1     1     2          10.4       0.252952   0.000556883 
dmft-005    1     1     1     1     2          10.8       0.253358   0.000558042 
dmft-005    1     1     1     1     2          11.2       0.253707    0.00055757 
dmft-005    1     1     1     1     2          11.6       0.254006   0.000557817 
dmft-005    1     1     1     1     2            12       0.254266   0.000558388 
dmft-005    1     1     1     1     2          12.4       0.254501   0.000561114 
dmft-005    1     1     1     1     2          12.8       0.254698    0.00056287 
dmft-005    1     1     1     1     2          13.2       0.254862   0.000566624 
dmft-005    1     1     1     1     2          13.6       0.255005   0.000566021 
dmft-005    1     1     1     1     2            14       0.255133   0.000566744 
dmft-005    1     1     1     1     2          14.4       0.255244    0.00056621 
dmft-005    1     1     1     1     2          14.8       0.255331   0.000566454 
dmft-005    1     1     1     1     2          15.2       0.255413    0.00056621 
dmft-005    1     1     1     1     2          15.6       0.255476   0.000565645 
dmft-005    1     1     1     1     2            16       0.255539   0.000562564 
dmft-005    1     1     1     1     2          16.4       0.255582   0.000562548 
dmft-005    1     1     1     1     2          16.8       0.255609   0.000560323 
dmft-005    1     1     1     1     2          17.2       0.255636   0.000557119 
dmft-005    1     1     1     1     2          17.6       0.255655   0.000554781 
dmft-005    1     1     1     1     2            18       0.255661   0.000551779 
dmft-005    1     1     1     1     2          18.4       0.255684   0.000550979 
dmft-005    1     1     1     1     2          18.8       0.255694   0.000551612 
dmft-005    1     1     1     1     2          19.2       0.255695   0.000553776 
dmft-005    1     1     1     1     2          19.6       0.255702   0.000556318 
dmft-005    1     1     1     1     2            20       0.255706   0.000555812 
dmft-005    1     1     1     1     2          20.4       0.255698   0.000554064 
dmft-005    1     1     1     1     2          20.8       0.255694   0.000552624 
dmft-005    1     1     1     1     2          21.2        0.25566   0.000550087 
dmft-005    1     1     1     1     2          21.6       0.255625   0.000547421 
dmft-005    1     1     1     1     2            22       0.255589    0.00054585 
dmft-005    1     1     1     1     2          22.4       0.255551   0.000543267 
dmft-005    1     1     1     1     2          22.8       0.255525    0.00054067 
dmft-005    1     1     1     1     2          23.2       0.255493   0.000542441 
dmft-005    1     1     1     1     2          23.6       0.255462   0.000547945 
dmft-005    1     1     1     1     2            24       0.255433   0.000551484 
dmft-005    1     1     1     1     2          24.4       0.255392   0.000554745 
dmft-005    1     1     1     1     2          24.8        0.25534   0.000559461 
dmft-005    1     1     1     1     2          25.2       0.255284   0.000561526 
dmft-005    1     1     1     1     2          25.6        0.25523   0.000562084 
dmft-005    1     1     1     1     2            26       0.255201   0.000561388 
dmft-005    1     1     1     1     2          26.4       0.255182   0.000561779 
dmft-005    1     1     1     1     2          26.8       0.255128   0.000563811 
dmft-005    1     1     1     1     2          27.2       0.255082   0.000563168 
dmft-005    1     1     1     1     2          27.6       0.255032    0.00056571 
dmft-005    1     1     1     1     2            28       0.254979   0.000567103 
dmft-005    1     1     1     1     2          28.4        0.25492   0.000567112 
dmft-005    1     1     1     1     2          28.8       0.254862   0.000568546 
dmft-005    1     1     1     1     2          29.2       0.254813   0.000568835 
dmft-005    1     1     1     1     2          29.6       0.254743   0.000565234 
dmft-005    1     1     1     1     2            30       0.254683   0.000564603 
dmft-005    1     1     1     1     2          30.4       0.254604   0.000563696 
dmft-005    1     1     1     1     2          30.8       0.254523   0.000563567 
dmft-005    1     1     1     1     2          31.2       0.254462   0.000564444 
dmft-005    1     1     1     1     2          31.6       0.254396   0.000565229 
dmft-005    1     1     1     1     2            32       0.254349   0.000563389 
dmft-005    1     1     1     1     2          32.4       0.254284   0.000564412 
dmft-005    1     1     1     1     2          32.8       0.254219   0.000563733 
dmft-005    1     1     1     1     2          33.2       0.254162   0.000564168 
dmft-005    1     1     1     1     2          33.6       0.254121   0.000564254 
dmft-005    1     1     1     1     2            34        0.25406    0.00056527 
dmft-005    1     1     1     1     2          34.4       0.253985   0.000563826 
dmft-005    1     1     1     1     2          34.8       0.253935   0.000559861 
dmft-005    1     1     1     1     2          35.2       0.253875   0.000557776 
dmft-005    1     1     1     1     2          35.6       0.253821   0.000556424 
dmft-005    1     1     1     1     2            36       0.253761   0.000555875 
dmft-005    1     1     1     1     2          36.4       0.253699   0.000555945 
dmft-005    1     1     1     1     2          36.8       0.253646   0.000555739 
dmft-005    1     1     1     1     2          37.2       0.253606   0.000553433 
dmft-005    1     1     1     1     2          37.6       0.253572   0.000549875 
dmft-005    1     1     1     1     2            38       0.253524   0.000551248 
dmft-005    1     1     1     1     2          38.4       0.253467   0.000553491 
dmft-005    1     1     1     1     2          38.8       0.253409   0.000554896 
dmft-005    1     1     1     1     2          39.2        0.25336   0.000554471 
dmft-005    1     1     1     1     2          39.6       0.253308    0.00055458 
dmft-005    1     1     1     1     2            40       0.253276   0.000553214 
dmft-005    1     1     1     1     2          40.4       0.253237   0.000552259 
dmft-005    1     1     1     1     2          40.8       0.253191   0.000549882 
dmft-005    1     1     1     1     2          41.2       0.253165   0.000546595 
dmft-005    1     1     1     1     2          41.6       0.253116   0.000545355 
dmft-005    1     1     1     1     2            42       0.253072   0.000542909 
dmft-005    1     1     1     1     2          42.4       0.253013   0.000541569 
dmft-005    1     1     1     1     2          42.8       0.252958   0.000541579 
dmft-005    1     1     1     1     2          43.2       0.252911   0.000543844 
dmft-005    1     1     1     1     2          43.6        0.25287   0.000543296 
dmft-005    1     1     1     1     2            44        0.25282   0.000544886 
dmft-005    1     1     1     1     2          44.4       0.252785   0.000546617 
dmft-005    1     1     1     1     2          44.8       0.252737   0.000547104 
dmft-005    1     1     1     1     2          45.2       0.252672   0.000548613 
dmft-005    1     1     1     1     2          45.6       0.252609   0.000548581 
dmft-005    1     1     1     1     2            46       0.252563    0.00054989 
dmft-005    1     1     1     1     2          46.4       0.252529   0.000552265 
dmft-005    1     1     1     1     2          46.8       0.252491   0.000553671 
dmft-005    1     1     1     1     2          47.2       0.252446   0.000553796 
dmft-005    1     1     1     1     2          47.6        0.25241   0.000553884 
dmft-005    1     1     1     1     2            48       0.252368   0.000553714 
dmft-005    1     1     1     1     2          48.4       0.252343   0.000552518 
dmft-005    1     1     1     1     2          48.8       0.252303   0.000552085 
dmft-005    1     1     1     1     2          49.2       0.252276   0.000553998 
dmft-005    1     1     1     1     2          49.6       0.252245   0.000553384 
dmft-005    1     1     1     1     2            50       0.252225   0.000553976 
dmft-005    1     1     1     1     2          50.4       0.252188   0.000554467 
dmft-005    1     1     1     1     2          50.8       0.252147    0.00055484 
dmft-005    1     1     1     1     2          51.2       0.252109   0.000554927 
dmft-005    1     1     1     1     2          51.6       0.252074   0.000555995 
dmft-005    1     1     1     1     2            52       0.252018   0.000557461 
dmft-005    1     1     1     1     2          52.4       0.251993   0.000556409 
dmft-005    1     1     1     1     2          52.8       0.251955   0.000555024 
dmft-005    1     1     1     1     2          53.2       0.251922   0.000552092 
dmft-005    1     1     1     1     2          53.6       0.251896   0.000550013 
dmft-005    1     1     1     1     2            54       0.251874    0.00055069 
dmft-005    1     1     1     1     2          54.4       0.251858    0.00055099 
dmft-005    1     1     1     1     2          54.8       0.251831   0.000552418 
dmft-005    1     1     1     1     2          55.2       0.251819   0.000552268 
dmft-005    1     1     1     1     2          55.6       0.251799    0.00054928 
dmft-005    1     1     1     1     2            56       0.251765   0.000549393 
dmft-005    1     1     1     1     2          56.4       0.251746   0.000549277 
dmft-005    1     1     1     1     2          56.8       0.251728   0.000549806 
dmft-005    1     1     1     1     2          57.2       0.251713    0.00054914 
dmft-005    1     1     1     1     2          57.6       0.251671   0.000549619 
dmft-005    1     1     1     1     2            58       0.251639   0.000547564 
dmft-005    1     1     1     1     2          58.4       0.251588   0.000548415 
dmft-005    1     1     1     1     2          58.8       0.251553   0.000547646 
dmft-005    1     1     1     1     2          59.2       0.251507   0.000548362 
dmft-005    1     1     1     1     2          59.6       0.251462   0.000546655 
dmft-005    1     1     1     1     2            60        0.25142   0.000543857 
dmft-005    1     1     1     1     2          60.4       0.251378   0.000541776 
dmft-005    1     1     1     1     2          60.8       0.251338   0.000543995 
dmft-005    1     1     1     1     2          61.2       0.251303   0.000546003 
dmft-005    1     1     1     1     2          61.6        0.25126   0.000549536 
dmft-005    1     1     1     1     2            62       0.251232   0.000551147 
dmft-005    1     1     1     1     2          62.4       0.251205   0.000553237 
dmft-005    1     1     1     1     2          62.8       0.251176   0.000554935 
dmft-005    1     1     1     1     2          63.2       0.251137    0.00055564 
dmft-005    1     1     1     1     2          63.6       0.251094   0.000558486 
dmft-005    1     1     1     1     2            64       0.251063   0.000560147 
dmft-005    1     1     1     1     2          64.4        0.25103   0.000563239 
dmft-005    1     1     1     1     2          64.8       0.251024   0.000562672 
dmft-005    1     1     1     1     2          65.2       0.250992   0.000564491 
dmft-005    1     1     1     1     2          65.6       0.250972   0.000564329 
dmft-005    1     1     1     1     2            66       0.250963   0.000564254 
dmft-005    1     1     1     1     2          66.4       0.250952    0.00056312 
dmft-005    1     1     1     1     2          66.8       0.250922   0.000559729 
dmft-005    1     1     1     1     2          67.2       0.250889   0.000555305 
dmft-005    1     1     1     1     2          67.6       0.250852   0.000554368 
dmft-005    1     1     1     1     2            68       0.250835   0.000553917 
dmft-005    1     1     1     1     2          68.4       0.250808    0.00055398 
dmft-005    1     1     1     1     2          68.8       0.250785   0.000553334 
dmft-005    1     1     1     1     2          69.2       0.250753   0.000553486 
dmft-005    1     1     1     1     2          69.6       0.250737   0.000551292 
dmft-005    1     1     1     1     2            70       0.250717    0.00055287 
dmft-005    1     1     1     1     2          70.4       0.250698   0.000552517 
dmft-005    1     1     1     1     2          70.8       0.250676   0.000553517 
dmft-005    1     1     1     1     2          71.2       0.250658   0.000552827 
dmft-005    1     1     1     1     2          71.6        0.25064   0.000551709 
dmft-005    1     1     1     1     2            72       0.250637   0.000549971 
dmft-005    1     1     1     1     2          72.4       0.250629   0.000547458 
dmft-005    1     1     1     1     2          72.8       0.250608   0.000546853 
dmft-005    1     1     1     1     2          73.2       0.250582   0.000547656 
dmft-005    1     1     1     1     2          73.6       0.250563   0.000548108 
dmft-005    1     1     1     1     2            74       0.250536   0.000546869 
dmft-005    1     1     1     1     2          74.4       0.250527   0.000547397 
dmft-005    1     1     1     1     2          74.8        0.25052    0.00054854 
dmft-005    1     1     1     1     2          75.2       0.250488   0.000546913 
dmft-005    1     1     1     1     2          75.6        0.25047   0.000545762 
dmft-005    1     1     1     1     2            76       0.250445   0.000547224 
dmft-005    1     1     1     1     2          76.4       0.250434   0.000549865 
dmft-005    1     1     1     1     2          76.8       0.250415   0.000549688 
dmft-005    1     1     1     1     2          77.2       0.250394    0.00054845 
dmft-005    1     1     1     1     2          77.6        0.25036   0.000550912 
dmft-005    1     1     1     1     2            78       0.250341   0.000550065 
dmft-005    1     1     1     1     2          78.4       0.250332   0.000549024 
dmft-005    1     1     1     1     2          78.8       0.250294   0.000549395 
dmft-005    1     1     1     1     2          79.2       0.250273   0.000549043 
dmft-005    1     1     1     1     2          79.6       0.250271   0.000545804 
dmft-005    1     1     1     1     2            80       0.250258   0.000544938 
dmft-005    1     1     1     1     2          80.4       0.250244   0.000544095 
dmft-005    1     1     1     1     2          80.8       0.250238   0.000543116 
dmft-005    1     1     1     1     2          81.2       0.250228    0.00054206 
dmft-005    1     1     1     1     2          81.6       0.250221   0.000541206 
dmft-005    1     1     1     1     2            82       0.250216   0.000545582 
dmft-005    1     1     1     1     2          82.4       0.250203   0.000544456 
dmft-005    1     1     1     1     2          82.8       0.250192   0.000543743 
dmft-005    1     1     1     1     2          83.2       0.250175   0.000543226 
dmft-005    1     1     1     1     2          83.6       0.250155   0.000542979 
dmft-005    1     1     1     1     2            84       0.250135   0.000544628 
dmft-005    1     1     1     1     2          84.4         0.2501    0.00054531 
dmft-005    1     1     1     1     2          84.8       0.250095   0.000545422 
dmft-005    1     1     1     1     2          85.2       0.250095   0.000544861 
dmft-005    1     1     1     1     2          85.6       0.250086   0.000545011 
dmft-005    1     1     1     1     2            86       0.250067   0.000547553 
dmft-005    1     1     1     1     2          86.4       0.250069   0.000548119 
dmft-005    1     1     1     1     2          86.8        0.25006   0.000548656 
dmft-005    1     1     1     1     2          87.2       0.250049   0.000549145 
dmft-005    1     1     1     1     2          87.6       0.250034   0.000550042 
dmft-005    1     1     1     1     2            88       0.250016   0.000552272 
dmft-005    1     1     1     1     2          88.4           0.25    0.00055245 
dmft-005    1     1     1     1     2          88.8       0.249987   0.000554093 
dmft-005    1     1     1     1     2          89.2       0.249955   0.000556339 
dmft-005    1     1     1     1     2          89.6       0.249955   0.000558149 
dmft-005    1     1     1     1     2            90       0.249955   0.000558495 
dmft-005    1     1     1     1     2          90.4       0.249948   0.000559729 
dmft-005    1     1     1     1     2          90.8       0.249931    0.00055803 
dmft-005    1     1     1     1     2          91.2       0.249922   0.000558914 
dmft-005    1     1     1     1     2          91.6       0.249906   0.000556893 
dmft-005    1     1     1     1     2            92       0.249895   0.000556308 
dmft-005    1     1     1     1     2          92.4       0.249895   0.000554947 
dmft-005    1     1     1     1     2          92.8       0.249892   0.000554199 
dmft-005    1     1     1     1     2          93.2       0.249875   0.000552978 
dmft-005    1     1     1     1     2          93.6       0.249868   0.000551527 
dmft-005    1     1     1     1     2            94       0.249864   0.000552329 
dmft-005    1     1     1     1     2          94.4       0.249857   0.000550706 
dmft-005    1     1     1     1     2          94.8       0.249857   0.000551329 
dmft-005    1     1     1     1     2          95.2       0.249842   0.000550549 
dmft-005    1     1     1     1     2          95.6       0.249827   0.000550512 
dmft-005    1     1     1     1     2            96       0.249819      0.000548 
dmft-005    1     1     1     1     2          96.4       0.249811   0.000545153 
dmft-005    1     1     1     1     2          96.8       0.249797   0.000544587 
dmft-005    1     1     1     1     2          97.2        0.24979   0.000544997 
dmft-005    1     1     1     1     2          97.6       0.249786   0.000546309 
dmft-005    1     1     1     1     2            98       0.249791   0.000546187 
dmft-005    1     1     1     1     2          98.4       0.249797   0.000545415 
dmft-005    1     1     1     1     2          98.8         0.2498   0.000541435 
dmft-005    1     1     1     1     2          99.2       0.249781   0.000540149 
dmft-005    1     1     1     1     2          99.6       0.249784   0.000543017 
dmft-005    1     1     1     1     2           100       0.249786   0.000543064 
dmft-005    1     1     1     1     2         100.4       0.249785    0.00054141 
dmft-005    1     1     1     1     2         100.8       0.249771   0.000537783 
dmft-005    1     1     1     1     2         101.2       0.249763   0.000536611 
dmft-005    1     1     1     1     2         101.6       0.249754   0.000536583 
dmft-005    1     1     1     1     2           102       0.249738   0.000538529 
dmft-005    1     1     1     1     2         102.4       0.249731   0.000539605 
dmft-005    1     1     1     1     2         102.8       0.249724   0.000538367 
dmft-005    1     1     1     1     2         103.2       0.249717   0.000539171 
dmft-005    1     1     1     1     2         103.6       0.249713   0.000539413 
dmft-005    1     1     1     1     2           104       0.249712   0.000543079 
dmft-005    1     1     1     1     2         104.4       0.249706   0.000542292 
dmft-005    1     1     1     1     2         104.8       0.249682   0.000542775 
dmft-005    1     1     1     1     2         105.2       0.249674   0.000541303 
dmft-005    1     1     1     1     2         105.6       0.249674   0.000543291 
dmft-005    1     1     1     1     2           106        0.24966   0.000544218 
dmft-005    1     1     1     1     2         106.4       0.249647   0.000545967 
dmft-005    1     1     1     1     2         106.8       0.249643   0.000549018 
dmft-005    1     1     1     1     2         107.2       0.249639   0.000551277 
dmft-005    1     1     1     1     2         107.6       0.249616   0.000547906 
dmft-005    1     1     1     1     2           108       0.249615   0.000550614 
dmft-005    1     1     1     1     2         108.4       0.249609   0.000552434 
dmft-005    1     1     1     1     2         108.8       0.249602   0.000553537 
dmft-005    1     1     1     1     2         109.2       0.249598   0.000554098 
dmft-005    1     1     1     1     2         109.6       0.249594   0.000556142 
dmft-005    1     1     1     1     2           110       0.249584   0.000555126 
dmft-005    1     1     1     1     2         110.4       0.249577   0.000553361 
dmft-005    1     1     1     1     2         110.8       0.249573   0.000555418 
dmft-005    1     1     1     1     2         111.2       0.249558   0.000556173 
dmft-005    1     1     1     1     2         111.6       0.249561   0.000556685 
dmft-005    1     1     1     1     2           112       0.249552   0.000558726 
dmft-005    1     1     1     1     2         112.4       0.249549   0.000559999 
dmft-005    1     1     1     1     2         112.8       0.249548   0.000559826 
dmft-005    1     1     1     1     2         113.2       0.249535   0.000559298 
dmft-005    1     1     1     1     2         113.6       0.249527    0.00055787 
dmft-005    1     1     1     1     2           114       0.249522   0.000558439 
dmft-005    1     1     1     1     2         114.4       0.249529   0.000559998 
dmft-005    1     1     1     1     2         114.8       0.249524   0.000560902 
dmft-005    1     1     1     1     2         115.2       0.249497   0.000561926 
dmft-005    1     1     1     1     2         115.6       0.249486   0.000561437 
dmft-005    1     1     1     1     2           116       0.249483   0.000560542 
dmft-005    1     1     1     1     2         116.4       0.249475   0.000558771 
dmft-005    1     1     1     1     2         116.8       0.249481    0.00056072 
dmft-005    1     1     1     1     2         117.2       0.249486   0.000560829 
dmft-005    1     1     1     1     2         117.6       0.249495   0.000560031 
dmft-005    1     1     1     1     2           118       0.249513   0.000560294 
dmft-005    1     1     1     1     2         118.4        0.24951   0.000559075 
dmft-005    1     1     1     1     2         118.8       0.249501   0.000557829 
dmft-005    1     1     1     1     2         119.2       0.249484   0.000555842 
dmft-005    1     1     1     1     2         119.6        0.24946   0.000554625 
dmft-005    1     1     1     1     2           120       0.249469   0.000554256 
dmft-005    1     1     1     1     2         120.4       0.249485   0.000550611 
dmft-005    1     1     1     1     2         120.8       0.249508   0.000550018 
dmft-005    1     1     1     1     2         121.2       0.249518   0.000546993 
dmft-005    1     1     1     1     2         121.6       0.249529   0.000547268 
dmft-005    1     1     1     1     2           122       0.249545   0.000550357 
dmft-005    1     1     1     1     2         122.4       0.249544   0.000550135 
dmft-005    1     1     1     1     2         122.8       0.249545   0.000552121 
dmft-005    1     1     1     1     2         123.2       0.249549   0.000553881 
dmft-005    1     1     1     1     2         123.6        0.24956   0.000554624 
dmft-005    1     1     1     1     2           124       0.249565   0.000555583 
dmft-005    1     1     1     1     2         124.4       0.249563   0.000557544 
dmft-005    1     1     1     1     2         124.8       0.249556   0.000557553 
dmft-005    1     1     1     1     2         125.2       0.249549    0.00055805 
dmft-005    1     1     1     1     2         125.6       0.249522    0.00056058 
dmft-005    1     1     1     1     2           126        0.24953   0.000560666 
dmft-005    1     1     1     1     2         126.4        0.24952   0.000561829 
dmft-005    1     1     1     1     2         126.8       0.249509   0.000561375 
dmft-005    1     1     1     1     2         127.2       0.249508   0.000561306 
dmft-005    1     1     1     1     2         127.6       0.249505   0.000559628 
dmft-005    1     1     1     1     2           128       0.249511   0.000557731 
dmft-005    1     1     1     1     2         128.4       0.249517   0.000558862 
dmft-005    1     1     1     1     2         128.8       0.249521   0.000558956 
dmft-005    1     1     1     1     2         129.2       0.249524   0.000560445 
dmft-005    1     1     1     1     2         129.6       0.249522   0.000561797 
dmft-005    1     1     1     1     2           130        0.24952   0.000564972 
dmft-005    1     1     1     1     2         130.4       0.249502   0.000567351 
dmft-005    1     1     1     1     2         130.8       0.249497   0.000570427 
dmft-005    1     1     1     1     2         131.2        0.24949   0.000572035 
dmft-005    1     1     1     1     2         131.6       0.249493    0.00057542 
dmft-005    1     1     1     1     2           132       0.249485   0.000577873 
dmft-005    1     1     1     1     2         132.4       0.249482   0.000579503 
dmft-005    1     1     1     1     2         132.8       0.249483   0.000580798 
dmft-005    1     1     1     1     2         133.2       0.249488   0.000584623 
dmft-005    1     1     1     1     2         133.6       0.249491   0.000584966 
dmft-005    1     1     1     1     2           134       0.249482   0.000584063 
dmft-005    1     1     1     1     2         134.4       0.249478   0.000584534 
dmft-005    1     1     1     1     2         134.8       0.249468   0.000584068 
dmft-005    1     1     1     1     2         135.2       0.249469   0.000584091 
dmft-005    1     1     1     1     2         135.6       0.249457   0.000585844 
dmft-005    1     1     1     1     2           136       0.249445   0.000586765 
dmft-005    1     1     1     1     2         136.4       0.249436   0.000588634 
dmft-005    1     1     1     1     2         136.8       0.249437   0.000591044 
dmft-005    1     1     1     1     2         137.2       0.249426   0.000589786 
dmft-005    1     1     1     1     2         137.6       0.249395    0.00059128 
dmft-005    1     1     1     1     2           138       0.249404   0.000591075 
dmft-005    1     1     1     1     2         138.4       0.249399   0.000588877 
dmft-005    1     1     1     1     2         138.8       0.249396   0.000587197 
dmft-005    1     1     1     1     2         139.2       0.249397   0.000585933 
dmft-005    1     1     1     1     2         139.6       0.249376   0.000584968 
dmft-005    1     1     1     1     2           140       0.249384   0.000584276 
dmft-005    1     1     1     1     2         140.4       0.249386   0.000584222 
dmft-005    1     1     1     1     2         140.8       0.249401   0.000583028 
dmft-005    1     1     1     1     2         141.2        0.24941   0.000578337 
dmft-005    1     1     1     1     2         141.6       0.249415   0.000573106 
dmft-005    1     1     1     1     2           142       0.249421   0.000569961 
dmft-005    1     1     1     1     2         142.4       0.249426   0.000565526 
dmft-005    1     1     1     1     2         142.8        0.24942    0.00056419 
dmft-005    1     1     1     1     2         143.2       0.249423   0.000561975 
dmft-005    1     1     1     1     2         143.6       0.249411   0.000559792 
dmft-005    1     1     1     1     2           144       0.249418   0.000557546 
dmft-005    1     1     1     1     2         144.4       0.249411   0.000556891 
dmft-005    1     1     1     1     2         144.8       0.249434   0.000558096 
dmft-005    1     1     1     1     2         145.2       0.249423   0.000557962 
dmft-005    1     1     1     1     2         145.6       0.249414   0.000557042 
dmft-005    1     1     1     1     2           146       0.249401   0.000555734 
dmft-005    1     1     1     1     2         146.4       0.249404   0.000555909 
dmft-005    1     1     1     1     2         146.8       0.249406   0.000554589 
dmft-005    1     1     1     1     2         147.2       0.249407   0.000554569 
dmft-005    1     1     1     1     2         147.6        0.24941   0.000556939 
dmft-005    1     1     1     1     2           148       0.249413   0.000556899 
dmft-005    1     1     1     1     2         148.4       0.249407   0.000558874 
dmft-005    1     1     1     1     2         148.8       0.249397   0.000556629 
dmft-005    1     1     1     1     2         149.2       0.249382   0.000558636 
dmft-005    1     1     1     1     2         149.6       0.249364   0.000557296 
dmft-005    1     1     1     1     2           150       0.249364   0.000554899 
dmft-005    1     1     1     1     2         150.4       0.249358    0.00055523 
dmft-005    1     1     1     1     2         150.8       0.249338   0.000554625 
dmft-005    1     1     1     1     2         151.2       0.249324   0.000552732 
dmft-005    1     1     1     1     2         151.6       0.249315   0.000553169 
dmft-005    1     1     1     1     2           152       0.249303   0.000552053 
dmft-005    1     1     1     1     2         152.4       0.249287   0.000552128 
dmft-005    1     1     1     1     2         152.8       0.249268   0.000552611 
dmft-005    1     1     1     1     2         153.2       0.249265    0.00055026 
dmft-005    1     1     1     1     2         153.6       0.249264    0.00054999 
dmft-005    1     1     1     1     2           154       0.249263   0.000547175 
dmft-005    1     1     1     1     2         154.4       0.249269    0.00054974 
dmft-005    1     1     1     1     2         154.8       0.249277   0.000549079 
dmft-005    1     1     1     1     2         155.2       0.249274   0.000548366 
dmft-005    1     1     1     1     2         155.6       0.249284   0.000546922 
dmft-005    1     1     1     1     2           156       0.249293   0.000545064 
dmft-005    1     1     1     1     2         156.4       0.249296   0.000544282 
dmft-005    1     1     1     1     2         156.8       0.249302   0.000543169 
dmft-005    1     1     1     1     2         157.2       0.249295   0.000542497 
dmft-005    1     1     1     1     2         157.6       0.249298   0.000540581 
dmft-005    1     1     1     1     2           158       0.249291   0.000541896 
dmft-005    1     1     1     1     2         158.4       0.249291   0.000543735 
dmft-005    1     1     1     1     2         158.8       0.249301   0.000543603 
dmft-005    1     1     1     1     2         159.2       0.249311   0.000545613 
dmft-005    1     1     1     1     2         159.6       0.249315    0.00054586 
dmft-005    1     1     1     1     2           160       0.249306   0.000544608 
dmft-005    1     1     1     1     2         160.4       0.249286   0.000545677 
dmft-005    1     1     1     1     2         160.8       0.249272   0.000546216 
dmft-005    1     1     1     1     2         161.2       0.249269   0.000545683 
dmft-005    1     1     1     1     2         161.6       0.249289   0.000546739 
dmft-005    1     1     1     1     2           162       0.249287   0.000547505 
dmft-005    1     1     1     1     2         162.4       0.249277   0.000544912 
dmft-005    1     1     1     1     2         162.8       0.249275   0.000545508 
dmft-005    1     1     1     1     2         163.2       0.249263   0.000545211 
dmft-005    1     1     1     1     2         163.6       0.249245   0.000547408 
dmft-005    1     1     1     1     2           164       0.249233   0.000547428 
dmft-005    1     1     1     1     2         164.4       0.249225    0.00054941 
dmft-005    1     1     1     1     2         164.8       0.249216   0.000550183 
dmft-005    1     1     1     1     2         165.2         0.2492   0.000552658 
dmft-005    1     1     1     1     2         165.6       0.249202   0.000555032 
dmft-005    1     1     1     1     2           166       0.249195   0.000555201 
dmft-005    1     1     1     1     2         166.4       0.249186   0.000555226 
dmft-005    1     1     1     1     2         166.8       0.249188   0.000555458 
dmft-005    1     1     1     1     2         167.2       0.249213   0.000556722 
dmft-005    1     1     1     1     2         167.6       0.249243   0.000559024 
dmft-005    1     1     1     1     2           168       0.249257   0.000560883 
dmft-005    1     1     1     1     2         168.4       0.249286   0.000562019 
dmft-005    1     1     1     1     2         168.8       0.249298   0.000561467 
dmft-005    1     1     1     1     2         169.2       0.249301   0.000560278 
dmft-005    1     1     1     1     2         169.6       0.249308   0.000563806 
dmft-005    1     1     1     1     2           170       0.249298   0.000564074 
dmft-005    1     1     1     1     2         170.4       0.249314   0.000565467 
dmft-005    1     1     1     1     2         170.8       0.249328   0.000565694 
dmft-005    1     1     1     1     2         171.2       0.249346   0.000566298 
dmft-005    1     1     1     1     2         171.6       0.249354    0.00056216 
dmft-005    1     1     1     1     2           172       0.249367   0.000560885 
dmft-005    1     1     1     1     2         172.4       0.249358   0.000558253 
dmft-005    1     1     1     1     2         172.8       0.249354    0.00055775 
dmft-005    1     1     1     1     2         173.2        0.24936    0.00055559 
dmft-005    1     1     1     1     2         173.6        0.24936   0.000555946 
dmft-005    1     1     1     1     2           174       0.249375   0.000554715 
dmft-005    1     1     1     1     2         174.4       0.249373   0.000554515 
dmft-005    1     1     1     1     2         174.8       0.249389   0.000552405 
dmft-005    1     1     1     1     2         175.2       0.249403   0.000551305 
dmft-005    1     1     1     1     2         175.6        0.24942   0.000549827 
dmft-005    1     1     1     1     2           176       0.249428   0.000552238 
dmft-005    1     1     1     1     2         176.4       0.249441   0.000551262 
dmft-005    1     1     1     1     2         176.8       0.249449   0.000549268 
dmft-005    1     1     1     1     2         177.2       0.249437   0.000550715 
dmft-005    1     1     1     1     2         177.6       0.249414   0.000551617 
dmft-005    1     1     1     1     2           178       0.249396   0.000552338 
dmft-005    1     1     1     1     2         178.4       0.249384   0.000553527 
dmft-005    1     1     1     1     2         178.8       0.249386   0.000554492 
dmft-005    1     1     1     1     2         179.2       0.249394   0.000557199 
dmft-005    1     1     1     1     2         179.6       0.249409   0.000556083 
dmft-005    1     1     1     1     2           180       0.249389   0.000554446 
dmft-005    1     1     1     1     2         180.4       0.249389   0.000553663 
dmft-005    1     1     1     1     2         180.8       0.249382   0.000554405 
dmft-005    1     1     1     1     2         181.2       0.249366   0.000553333 
dmft-005    1     1     1     1     2         181.6       0.249351   0.000552535 
dmft-005    1     1     1     1     2           182        0.24934   0.000554147 
dmft-005    1     1     1     1     2         182.4       0.249352   0.000554865 
dmft-005    1     1     1     1     2         182.8       0.249354   0.000555681 
dmft-005    1     1     1     1     2         183.2       0.249353    0.00055417 
dmft-005    1     1     1     1     2         183.6       0.249358   0.000551986 
dmft-005    1     1     1     1     2           184       0.249355   0.000551717 
dmft-005    1     1     1     1     2         184.4       0.249379   0.000553657 
dmft-005    1     1     1     1     2         184.8       0.249381   0.000551576 
dmft-005    1     1     1     1     2         185.2       0.249373   0.000552556 
dmft-005    1     1     1     1     2         185.6       0.249376   0.000554394 
dmft-005    1     1     1     1     2           186       0.249371   0.000554028 
dmft-005    1     1     1     1     2         186.4       0.249377   0.000552573 
dmft-005    1     1     1     1     2         186.8       0.249368   0.000550965 
dmft-005    1     1     1     1     2         187.2       0.249362   0.000551705 
dmft-005    1     1     1     1     2         187.6       0.249368    0.00054972 
dmft-005    1     1     1     1     2           188       0.249362   0.000548408 
dmft-005    1     1     1     1     2         188.4       0.249369   0.000547362 
dmft-005    1     1     1     1     2         188.8        0.24937   0.000547283 
dmft-005    1     1     1     1     2         189.2       0.249371   0.000550241 
dmft-005    1     1     1     1     2         189.6       0.249369   0.000550323 
dmft-005    1     1     1     1     2           190       0.249372   0.000549482 
dmft-005    1     1     1     1     2         190.4       0.249381   0.000550199 
dmft-005    1     1     1     1     2         190.8       0.249382   0.000547677 
dmft-005    1     1     1     1     2         191.2       0.249377    0.00054642 
dmft-005    1     1     1     1     2         191.6       0.249361   0.000545245 
dmft-005    1     1     1     1     2           192       0.249344   0.000544582 
dmft-005    1     1     1     1     2         192.4       0.249337   0.000545208 
dmft-005    1     1     1     1     2         192.8       0.249316   0.000545781 
dmft-005    1     1     1     1     2         193.2       0.249313   0.000547038 
dmft-005    1     1     1     1     2         193.6       0.249318   0.000546131 
dmft-005    1     1     1     1     2           194       0.249318   0.000546822 
dmft-005    1     1     1     1     2         194.4       0.249326   0.000547904 
dmft-005    1     1     1     1     2         194.8       0.249337   0.000549073 
dmft-005    1     1     1     1     2         195.2       0.249362   0.000550198 
dmft-005    1     1     1     1     2         195.6       0.249363   0.000549994 
dmft-005    1     1     1     1     2           196       0.249368   0.000551377 
dmft-005    1     1     1     1     2         196.4       0.249383   0.000550496 
dmft-005    1     1     1     1     2         196.8       0.249391   0.000548527 
dmft-005    1     1     1     1     2         197.2       0.249397   0.000546546 
dmft-005    1     1     1     1     2         197.6       0.249399   0.000546937 
dmft-005    1     1     1     1     2           198       0.249395   0.000549003 
dmft-005    1     1     1     1     2         198.4       0.249393   0.000547356 
dmft-005    1     1     1     1     2         198.8       0.249398   0.000545786 
dmft-005    1     1     1     1     2         199.2       0.249405   0.000547272 
dmft-005    1     1     1     1     2         199.6       0.249412   0.000547765 
dmft-005    1     1     1     1     2           200       0.249426   0.000549612 
dmft-005    1     1     1     1     2         200.4       0.249423   0.000548323 
dmft-005    1     1     1     1     2         200.8       0.249411    0.00054786 
dmft-005    1     1     1     1     2         201.2       0.249402    0.00054624 
dmft-005    1     1     1     1     2         201.6       0.249394   0.000546526 
dmft-005    1     1     1     1     2           202       0.249393   0.000549061 
dmft-005    1     1     1     1     2         202.4       0.249397   0.000547219 
dmft-005    1     1     1     1     2         202.8       0.249392   0.000546675 
dmft-005    1     1     1     1     2         203.2       0.249391   0.000547586 
dmft-005    1     1     1     1     2         203.6       0.249394   0.000548763 
dmft-005    1     1     1     1     2           204       0.249386   0.000548722 
dmft-005    1     1     1     1     2         204.4       0.249371   0.000548964 
dmft-005    1     1     1     1     2         204.8       0.249362   0.000548483 
dmft-005    1     1     1     1     2         205.2       0.249343   0.000548151 
dmft-005    1     1     1     1     2         205.6       0.249336   0.000546694 
dmft-005    1     1     1     1     2           206       0.249325   0.000547533 
dmft-005    1     1     1     1     2         206.4       0.249317   0.000548267 
dmft-005    1     1     1     1     2         206.8       0.249317   0.000549459 
dmft-005    1     1     1     1     2         207.2        0.24932    0.00054842 
dmft-005    1     1     1     1     2         207.6       0.249329   0.000547671 
dmft-005    1     1     1     1     2           208        0.24934   0.000545822 
dmft-005    1     1     1     1     2         208.4       0.249345   0.000546738 
dmft-005    1     1     1     1     2         208.8        0.24936   0.000547573 
dmft-005    1     1     1     1     2         209.2       0.249367   0.000548755 
dmft-005    1     1     1     1     2         209.6       0.249365    0.00054998 
dmft-005    1     1     1     1     2           210       0.249358   0.000548051 
dmft-005    1     1     1     1     2         210.4        0.24936   0.000548379 
dmft-005    1     1     1     1     2         210.8        0.24936      0.000548 
dmft-005    1     1     1     1     2         211.2       0.249356   0.000545862 
dmft-005    1     1     1     1     2         211.6       0.249348   0.000545541 
dmft-005    1     1     1     1     2           212       0.249336   0.000546948 
dmft-005    1     1     1     1     2         212.4       0.249345   0.000547918 
dmft-005    1     1     1     1     2         212.8       0.249341   0.000549586 
dmft-005    1     1     1     1     2         213.2       0.249342   0.000548667 
dmft-005    1     1     1     1     2         213.6       0.249349   0.000551122 
dmft-005    1     1     1     1     2           214       0.249351   0.000552565 
dmft-005    1     1     1     1     2         214.4        0.24936   0.000553549 
dmft-005    1     1     1     1     2         214.8       0.249357   0.000552215 
dmft-005    1     1     1     1     2         215.2        0.24936   0.000550789 
dmft-005    1     1     1     1     2         215.6       0.249354   0.000551858 
dmft-005    1     1     1     1     2           216       0.249333   0.000551275 
dmft-005    1     1     1     1     2         216.4       0.249334   0.000550109 
dmft-005    1     1     1     1     2         216.8       0.249323   0.000552676 
dmft-005    1     1     1     1     2         217.2       0.249322   0.000554765 
dmft-005    1     1     1     1     2         217.6       0.249323   0.000554975 
dmft-005    1     1     1     1     2           218        0.24931    0.00055577 
dmft-005    1     1     1     1     2         218.4       0.249326   0.000554238 
dmft-005    1     1     1     1     2         218.8       0.249346   0.000555476 
dmft-005    1     1     1     1     2         219.2        0.24937   0.000557621 
dmft-005    1     1     1     1     2         219.6       0.249376   0.000558324 
dmft-005    1     1     1     1     2           220       0.249369   0.000559326 
dmft-005    1     1     1     1     2         220.4       0.249375    0.00056018 
dmft-005    1     1     1     1     2         220.8        0.24936   0.000559732 
dmft-005    1     1     1     1     2         221.2       0.249351   0.000558085 
dmft-005    1     1     1     1     2         221.6        0.24935    0.00055781 
dmft-005    1     1     1     1     2           222       0.249359     0.0005566 
dmft-005    1     1     1     1     2         222.4       0.249368   0.000557009 
dmft-005    1     1     1     1     2         222.8       0.249387   0.000554823 
dmft-005    1     1     1     1     2         223.2       0.249401    0.00055418 
dmft-005    1     1     1     1     2         223.6       0.249396   0.000554831 
dmft-005    1     1     1     1     2           224       0.249388   0.000553861 
dmft-005    1     1     1     1     2         224.4       0.249385   0.000551572 
dmft-005    1     1     1     1     2         224.8       0.249373   0.000554165 
dmft-005    1     1     1     1     2         225.2       0.249363   0.000556637 
dmft-005    1     1     1     1     2         225.6       0.249357   0.000559026 
dmft-005    1     1     1     1     2           226       0.249368   0.000558232 
dmft-005    1     1     1     1     2         226.4       0.249361   0.000558864 
dmft-005    1     1     1     1     2         226.8       0.249356    0.00055864 
dmft-005    1     1     1     1     2         227.2       0.249348   0.000561669 
dmft-005    1     1     1     1     2         227.6       0.249342   0.000560705 
dmft-005    1     1     1     1     2           228       0.249346   0.000564288 
dmft-005    1     1     1     1     2         228.4       0.249332   0.000564892 
dmft-005    1     1     1     1     2         228.8       0.249312   0.000569268 
dmft-005    1     1     1     1     2         229.2       0.249294   0.000567557 
dmft-005    1     1     1     1     2         229.6       0.249286   0.000566139 
dmft-005    1     1     1     1     2           230       0.249259   0.000564525 
dmft-005    1     1     1     1     2         230.4       0.249271   0.000563145 
dmft-005    1     1     1     1     2         230.8       0.249263   0.000560241 
dmft-005    1     1     1     1     2         231.2       0.249265   0.000560525 
dmft-005    1     1     1     1     2         231.6       0.249247    0.00056031 
dmft-005    1     1     1     1     2           232       0.249221   0.000558521 
dmft-005    1     1     1     1     2         232.4       0.249203   0.000556553 
dmft-005    1     1     1     1     2         232.8        0.24918    0.00055435 
dmft-005    1     1     1     1     2         233.2       0.249171   0.000551652 
dmft-005    1     1     1     1     2         233.6       0.249169   0.000550096 
dmft-005    1     1     1     1     2           234       0.249176   0.000549555 
dmft-005    1     1     1     1     2         234.4       0.249174   0.000549707 
dmft-005    1     1     1     1     2         234.8       0.249159   0.000547841 
dmft-005    1     1     1     1     2         235.2       0.249178   0.000545622 
dmft-005    1     1     1     1     2         235.6       0.249185   0.000544997 
dmft-005    1     1     1     1     2           236       0.249198   0.000543026 
dmft-005    1     1     1     1     2         236.4       0.249209   0.000542961 
dmft-005    1     1     1     1     2         236.8       0.249223   0.000542375 
dmft-005    1     1     1     1     2         237.2       0.249232   0.000545021 
dmft-005    1     1     1     1     2         237.6       0.249239   0.000545256 
dmft-005    1     1     1     1     2           238       0.249242   0.000546485 
dmft-005    1     1     1     1     2         238.4       0.249248   0.000544406 
dmft-005    1     1     1     1     2         238.8       0.249238   0.000543255 
dmft-005    1     1     1     1     2         239.2       0.249241   0.000543538 
dmft-005    1     1     1     1     2         239.6       0.249252   0.000543106 
dmft-005    1     1     1     1     2           240       0.249274   0.000540088 
dmft-005    1     1     1     1     2         240.4       0.249272   0.000540841 
dmft-005    1     1     1     1     2         240.8       0.249262   0.000540652 
dmft-005    1     1     1     1     2         241.2       0.249253   0.000538893 
dmft-005    1     1     1     1     2         241.6        0.24925   0.000538502 
dmft-005    1     1     1     1     2           242       0.249252   0.000537644 
dmft-005    1     1     1     1     2         242.4       0.249257   0.000536802 
dmft-005    1     1     1     1     2         242.8       0.249253   0.000537263 
dmft-005    1     1     1     1     2         243.2       0.249259   0.000538867 
dmft-005    1     1     1     1     2         243.6       0.249261   0.000540782 
dmft-005    1     1     1     1     2           244       0.249265   0.000541172 
dmft-005    1     1     1     1     2         244.4       0.249254   0.000543121 
dmft-005    1     1     1     1     2         244.8       0.249241   0.000544727 
dmft-005    1     1     1     1     2         245.2       0.249243   0.000545618 
dmft-005    1     1     1     1     2         245.6       0.249244   0.000545591 
dmft-005    1     1     1     1     2           246       0.249246   0.000543516 
dmft-005    1     1     1     1     2         246.4       0.249248   0.000547653 
dmft-005    1     1     1     1     2         246.8       0.249241   0.000548595 
dmft-005    1     1     1     1     2         247.2       0.249245   0.000550637 
dmft-005    1     1     1     1     2         247.6       0.249263   0.000552642 
dmft-005    1     1     1     1     2           248       0.249281    0.00055093 
dmft-005    1     1     1     1     2         248.4       0.249295   0.000550454 
dmft-005    1     1     1     1     2         248.8       0.249304   0.000549905 
dmft-005    1     1     1     1     2         249.2       0.249322   0.000551961 
dmft-005    1     1     1     1     2         249.6       0.249346   0.000551303 
dmft-005    1     1     1     1     2           250       0.249354   0.000551795 
dmft-005    1     1     1     1     2         250.4       0.249356   0.000553582 
dmft-005    1     1     1     1     2         250.8        0.24938   0.000554661 
dmft-005    1     1     1     1     2         251.2       0.249396   0.000553575 
dmft-005    1     1     1     1     2         251.6        0.24941   0.000555458 
dmft-005    1     1     1     1     2           252       0.249416    0.00055202 
dmft-005    1     1     1     1     2         252.4        0.24941   0.000550673 
dmft-005    1     1     1     1     2         252.8       0.249399   0.000548605 
dmft-005    1     1     1     1     2         253.2       0.249399   0.000550023 
dmft-005    1     1     1     1     2         253.6       0.249404    0.00055021 
dmft-005    1     1     1     1     2           254       0.249398   0.000550456 
dmft-005    1     1     1     1     2         254.4       0.249407   0.000553067 
dmft-005    1     1     1     1     2         254.8       0.249414   0.000554097 
dmft-005    1     1     1     1     2         255.2       0.249427   0.000553858 
dmft-005    1     1     1     1     2         255.6       0.249408   0.000552389 
dmft-005    1     1     1     1     2           256        0.24941   0.000552794 
dmft-005    1     1     1     1     2         256.4       0.249405   0.000555118 
dmft-005    1     1     1     1     2         256.8       0.249404   0.000556432 
dmft-005    1     1     1     1     2         257.2       0.249398   0.000558735 
dmft-005    1     1     1     1     2         257.6       0.249403   0.000561159 
dmft-005    1     1     1     1     2           258       0.249405   0.000565496 
dmft-005    1     1     1     1     2         258.4       0.249397   0.000566769 
dmft-005    1     1     1     1     2         258.8       0.249396   0.000571574 
dmft-005    1     1     1     1     2         259.2       0.249384   0.000577414 
dmft-005    1     1     1     1     2         259.6       0.249369    0.00058046 
dmft-005    1     1     1     1     2           260       0.249365   0.000581885 
dmft-005    1     1     1     1     2         260.4       0.249357   0.000583591 
dmft-005    1     1     1     1     2         260.8       0.249379   0.000585319 
dmft-005    1     1     1     1     2         261.2       0.249387   0.000587244 
dmft-005    1     1     1     1     2         261.6        0.24938    0.00059075 
dmft-005    1     1     1     1     2           262        0.24938   0.000592187 
dmft-005    1     1     1     1     2         262.4       0.249381    0.00059066 
dmft-005    1     1     1     1     2         262.8       0.249402   0.000588864 
dmft-005    1     1     1     1     2         263.2       0.249407   0.000591165 
dmft-005    1     1     1     1     2         263.6       0.249409   0.000588828 
dmft-005    1     1     1     1     2           264       0.249409   0.000587364 
dmft-005    1     1     1     1     2         264.4       0.249426   0.000586765 
dmft-005    1     1     1     1     2         264.8       0.249448   0.000585372 
dmft-005    1     1     1     1     2         265.2       0.249446   0.000583201 
dmft-005    1     1     1     1     2         265.6       0.249449   0.000583514 
dmft-005    1     1     1     1     2           266       0.249467   0.000583711 
dmft-005    1     1     1     1     2         266.4       0.249483   0.000584009 
dmft-005    1     1     1     1     2         266.8       0.249471   0.000582619 
dmft-005    1     1     1     1     2         267.2       0.249466   0.000577879 
dmft-005    1     1     1     1     2         267.6       0.249461   0.000576149 
dmft-005    1     1     1     1     2           268       0.249464   0.000574216 
dmft-005    1     1     1     1     2         268.4        0.24947   0.000571474 
dmft-005    1     1     1     1     2         268.8       0.249469   0.000569255 
dmft-005    1     1     1     1     2         269.2       0.249478   0.000566943 
dmft-005    1     1     1     1     2         269.6       0.249481   0.000565687 
dmft-005    1     1     1     1     2           270       0.249492   0.000563457 
dmft-005    1     1     1     1     2         270.4       0.249493   0.000560803 
dmft-005    1     1     1     1     2         270.8       0.249497   0.000558057 
dmft-005    1     1     1     1     2         271.2       0.249487   0.000556505 
dmft-005    1     1     1     1     2         271.6       0.249479   0.000556456 
dmft-005    1     1     1     1     2           272       0.249471   0.000555503 
dmft-005    1     1     1     1     2         272.4       0.249465   0.000558517 
dmft-005    1     1     1     1     2         272.8       0.249471   0.000559766 
dmft-005    1     1     1     1     2         273.2       0.249483   0.000559232 
dmft-005    1     1     1     1     2         273.6       0.249497   0.000560146 
dmft-005    1     1     1     1     2           274       0.249501   0.000558781 
dmft-005    1     1     1     1     2         274.4       0.249499   0.000556858 
dmft-005    1     1     1     1     2         274.8       0.249524   0.000554425 
dmft-005    1     1     1     1     2         275.2       0.249539   0.000553111 
dmft-005    1     1     1     1     2         275.6       0.249556   0.000552115 
dmft-005    1     1     1     1     2           276       0.249562   0.000551145 
dmft-005    1     1     1     1     2         276.4       0.249558   0.000551748 
dmft-005    1     1     1     1     2         276.8        0.24955   0.000552453 
dmft-005    1     1     1     1     2         277.2       0.249552   0.000550583 
dmft-005    1     1     1     1     2         277.6       0.249543   0.000548543 
dmft-005    1     1     1     1     2           278       0.249539   0.000548088 
dmft-005    1     1     1     1     2         278.4       0.249521    0.00054479 
dmft-005    1     1     1     1     2         278.8       0.249507   0.000545375 
dmft-005    1     1     1     1     2         279.2       0.249494    0.00054933 
dmft-005    1     1     1     1     2         279.6       0.249479    0.00054992 
dmft-005    1     1     1     1     2           280        0.24946   0.000554153 
dmft-005    1     1     1     1     2         280.4       0.249453   0.000555051 
dmft-005    1     1     1     1     2         280.8       0.249476   0.000556682 
dmft-005    1     1     1     1     2         281.2       0.249491    0.00055698 
dmft-005    1     1     1     1     2         281.6       0.249499     0.0005577 
dmft-005    1     1     1     1     2           282       0.249507   0.000558912 
dmft-005    1     1     1     1     2         282.4        0.24949   0.000560763 
dmft-005    1     1     1     1     2         282.8       0.249485   0.000562251 
dmft-005    1     1     1     1     2         283.2       0.249479   0.000562613 
dmft-005    1     1     1     1     2         283.6        0.24948   0.000561169 
dmft-005    1     1     1     1     2           284       0.249497   0.000561076 
dmft-005    1     1     1     1     2         284.4       0.249498   0.000560557 
dmft-005    1     1     1     1     2         284.8       0.249512   0.000559687 
dmft-005    1     1     1     1     2         285.2       0.249539   0.000559315 
dmft-005    1     1     1     1     2         285.6       0.249546   0.000557942 
dmft-005    1     1     1     1     2           286       0.249538   0.000557414 
dmft-005    1     1     1     1     2         286.4       0.249538   0.000557494 
dmft-005    1     1     1     1     2         286.8       0.249537   0.000559042 
dmft-005    1     1     1     1     2         287.2       0.249544   0.000561109 
dmft-005    1     1     1     1     2         287.6       0.249544   0.000560753 
dmft-005    1     1     1     1     2           288       0.249544   0.000558658 
dmft-005    1     1     1     1     2         288.4       0.249555   0.000557668 
dmft-005    1     1     1     1     2         288.8       0.249559     0.0005571 
dmft-005    1     1     1     1     2         289.2       0.249572   0.000555153 
dmft-005    1     1     1     1     2         289.6       0.249581   0.000553034 
dmft-005    1     1     1     1     2           290       0.249581   0.000554564 
dmft-005    1     1     1     1     2         290.4       0.249596    0.00055297 
dmft-005    1     1     1     1     2         290.8       0.249599   0.000551114 
dmft-005    1     1     1     1     2         291.2         0.2496   0.000550201 
dmft-005    1     1     1     1     2         291.6       0.249603   0.000550505 
dmft-005    1     1     1     1     2           292       0.249608   0.000549592 
dmft-005    1     1     1     1     2         292.4       0.249615   0.000548335 
dmft-005    1     1     1     1     2         292.8       0.249633   0.000549276 
dmft-005    1     1     1     1     2         293.2       0.249635   0.000548153 
dmft-005    1     1     1     1     2         293.6       0.249649   0.000545201 
dmft-005    1     1     1     1     2           294        0.24966   0.000543748 
dmft-005    1     1     1     1     2         294.4       0.249673   0.000543293 
dmft-005    1     1     1     1     2         294.8       0.249672   0.000540016 
dmft-005    1     1     1     1     2         295.2       0.249675   0.000541532 
dmft-005    1     1     1     1     2         295.6       0.249693   0.000541419 
dmft-005    1     1     1     1     2           296       0.249706   0.000543056 
dmft-005    1     1     1     1     2         296.4       0.249712   0.000540925 
dmft-005    1     1     1     1     2         296.8       0.249714   0.000541507 
dmft-005    1     1     1     1     2         297.2       0.249717     0.0005411 
dmft-005    1     1     1     1     2         297.6       0.249726   0.000542064 
dmft-005    1     1     1     1     2           298       0.249732   0.000540422 
dmft-005    1     1     1     1     2         298.4       0.249752    0.00053974 
dmft-005    1     1     1     1     2         298.8       0.249762   0.000541504 
dmft-005    1     1     1     1     2         299.2       0.249766   0.000543552 
dmft-005    1     1     1     1     2         299.6       0.249779    0.00054633 
dmft-005    1     1     1     1     2           300       0.249777   0.000548752 
dmft-005    1     1     1     1     2         300.4       0.249776    0.00054844 
dmft-005    1     1     1     1     2         300.8       0.249773   0.000544865 
dmft-005    1     1     1     1     2         301.2       0.249792   0.000545444 
dmft-005    1     1     1     1     2         301.6       0.249791   0.000548204 
dmft-005    1     1     1     1     2           302       0.249781   0.000548703 
dmft-005    1     1     1     1     2         302.4       0.249773   0.000548928 
dmft-005    1     1     1     1     2         302.8       0.249783   0.000547229 
dmft-005    1     1     1     1     2         303.2       0.249793   0.000545857 
dmft-005    1     1     1     1     2         303.6       0.249803   0.000545583 
dmft-005    1     1     1     1     2           304       0.249817   0.000548627 
dmft-005    1     1     1     1     2         304.4       0.249829   0.000550412 
dmft-005    1     1     1     1     2         304.8       0.249843   0.000550443 
dmft-005    1     1     1     1     2         305.2        0.24985   0.000550612 
dmft-005    1     1     1     1     2         305.6       0.249845   0.000550239 
dmft-005    1     1     1     1     2           306       0.249853    0.00055254 
dmft-005    1     1     1     1     2         306.4       0.249868   0.000552808 
dmft-005    1     1     1     1     2         306.8       0.249877   0.000554048 
dmft-005    1     1     1     1     2         307.2       0.249884   0.000553863 
dmft-005    1     1     1     1     2         307.6       0.249892   0.000556369 
dmft-005    1     1     1     1     2           308       0.249898   0.000557697 
dmft-005    1     1     1     1     2         308.4       0.249905   0.000559026 
dmft-005    1     1     1     1     2         308.8       0.249915   0.000560559 
dmft-005    1     1     1     1     2         309.2       0.249918    0.00055948 
dmft-005    1     1     1     1     2         309.6       0.249935   0.000559685 
dmft-005    1     1     1     1     2           310       0.249939   0.000559836 
dmft-005    1     1     1     1     2         310.4       0.249928   0.000559014 
dmft-005    1     1     1     1     2         310.8       0.249927   0.000557894 
dmft-005    1     1     1     1     2         311.2        0.24995   0.000558367 
dmft-005    1     1     1     1     2         311.6       0.249969   0.000556073 
dmft-005    1     1     1     1     2           312       0.249993   0.000555595 
dmft-005    1     1     1     1     2         312.4       0.249999   0.000554606 
dmft-005    1     1     1     1     2         312.8       0.250016   0.000553021 
dmft-005    1     1     1     1     2         313.2       0.250036   0.000551239 
dmft-005    1     1     1     1     2         313.6       0.250042   0.000551819 
dmft-005    1     1     1     1     2           314       0.250045   0.000551261 
dmft-005    1     1     1     1     2         314.4       0.250068   0.000549575 
dmft-005    1     1     1     1     2         314.8       0.250091   0.000551977 
dmft-005    1     1     1     1     2         315.2       0.250093   0.000552629 
dmft-005    1     1     1     1     2         315.6       0.250104   0.000553103 
dmft-005    1     1     1     1     2           316       0.250138   0.000553176 
dmft-005    1     1     1     1     2         316.4       0.250158   0.000551536 
dmft-005    1     1     1     1     2         316.8       0.250175   0.000550779 
dmft-005    1     1     1     1     2         317.2       0.250188   0.000549568 
dmft-005    1     1     1     1     2         317.6       0.250202   0.000550144 
dmft-005    1     1     1     1     2           318       0.250219   0.000550935 
dmft-005    1     1     1     1     2         318.4        0.25022     0.0005479 
dmft-005    1     1     1     1     2         318.8       0.250226   0.000549153 
dmft-005    1     1     1     1     2         319.2       0.250242    0.00055008 
dmft-005    1     1     1     1     2         319.6       0.250249   0.000550973 
dmft-005    1     1     1     1     2           320       0.250259   0.000551386 
dmft-005    1     1     1     1     2         320.4       0.250273    0.00055176 
dmft-005    1     1     1     1     2         320.8       0.250284    0.00055332 
dmft-005    1     1     1     1     2         321.2       0.250296   0.000553437 
dmft-005    1     1     1     1     2         321.6       0.250323   0.000553144 
dmft-005    1     1     1     1     2           322        0.25033   0.000553059 
dmft-005    1     1     1     1     2         322.4       0.250351   0.000552699 
dmft-005    1     1     1     1     2         322.8       0.250382   0.000550659 
dmft-005    1     1     1     1     2         323.2       0.250402   0.000551769 
dmft-005    1     1     1     1     2         323.6       0.250423   0.000552756 
dmft-005    1     1     1     1     2           324       0.250438   0.000549952 
dmft-005    1     1     1     1     2         324.4       0.250461    0.00054903 
dmft-005    1     1     1     1     2         324.8       0.250479   0.000549541 
dmft-005    1     1     1     1     2         325.2       0.250512   0.000551543 
dmft-005    1     1     1     1     2         325.6       0.250522   0.000550161 
dmft-005    1     1     1     1     2           326       0.250528   0.000550591 
dmft-005    1     1     1     1     2         326.4       0.250547   0.000551591 
dmft-005    1     1     1     1     2         326.8       0.250564    0.00055102 
dmft-005    1     1     1     1     2         327.2       0.250592   0.000549521 
dmft-005    1     1     1     1     2         327.6       0.250609   0.000550328 
dmft-005    1     1     1     1     2           328       0.250617   0.000550558 
dmft-005    1     1     1     1     2         328.4       0.250627   0.000551439 
dmft-005    1     1     1     1     2         328.8       0.250639   0.000553129 
dmft-005    1     1     1     1     2         329.2       0.250655   0.000553274 
dmft-005    1     1     1     1     2         329.6       0.250685   0.000552746 
dmft-005    1     1     1     1     2           330       0.250706   0.000553875 
dmft-005    1     1     1     1     2         330.4       0.250731   0.000554162 
dmft-005    1     1     1     1     2         330.8       0.250741   0.000555449 
dmft-005    1     1     1     1     2         331.2        0.25077   0.000555706 
dmft-005    1     1     1     1     2         331.6       0.250792   0.000556341 
dmft-005    1     1     1     1     2           332       0.250816   0.000556718 
dmft-005    1     1     1     1     2         332.4       0.250833   0.000557254 
dmft-005    1     1     1     1     2         332.8       0.250872   0.000559355 
dmft-005    1     1     1     1     2         333.2       0.250903   0.000564706 
dmft-005    1     1     1     1     2         333.6       0.250934   0.000566915 
dmft-005    1     1     1     1     2           334       0.250956   0.000569017 
dmft-005    1     1     1     1     2         334.4        0.25096   0.000566908 
dmft-005    1     1     1     1     2         334.8       0.250989   0.000566712 
dmft-005    1     1     1     1     2         335.2       0.251023   0.000563658 
dmft-005    1     1     1     1     2         335.6       0.251037   0.000562402 
dmft-005    1     1     1     1     2           336       0.251066   0.000558457 
dmft-005    1     1     1     1     2         336.4       0.251098   0.000557533 
dmft-005    1     1     1     1     2         336.8       0.251137    0.00055512 
dmft-005    1     1     1     1     2         337.2       0.251174   0.000553674 
dmft-005    1     1     1     1     2         337.6       0.251205   0.000552979 
dmft-005    1     1     1     1     2           338        0.25124   0.000549383 
dmft-005    1     1     1     1     2         338.4       0.251258   0.000548493 
dmft-005    1     1     1     1     2         338.8       0.251299   0.000545382 
dmft-005    1     1     1     1     2         339.2       0.251339   0.000544137 
dmft-005    1     1     1     1     2         339.6       0.251368   0.000543671 
dmft-005    1     1     1     1     2           340       0.251403   0.000545957 
dmft-005    1     1     1     1     2         340.4       0.251437   0.000547836 
dmft-005    1     1     1     1     2         340.8       0.251482   0.000549219 
dmft-005    1     1     1     1     2         341.2        0.25154   0.000548392 
dmft-005    1     1     1     1     2         341.6       0.251584   0.000549408 
dmft-005    1     1     1     1     2           342       0.251637   0.000547073 
dmft-005    1     1     1     1     2         342.4       0.251671   0.000548183 
dmft-005    1     1     1     1     2         342.8       0.251709   0.000548081 
dmft-005    1     1     1     1     2         343.2        0.25173   0.000548634 
dmft-005    1     1     1     1     2         343.6       0.251752   0.000548739 
dmft-005    1     1     1     1     2           344       0.251766   0.000549626 
dmft-005    1     1     1     1     2         344.4       0.251802   0.000547829 
dmft-005    1     1     1     1     2         344.8        0.25183   0.000550069 
dmft-005    1     1     1     1     2         345.2       0.251846   0.000550749 
dmft-005    1     1     1     1     2         345.6       0.251868   0.000548656 
dmft-005    1     1     1     1     2           346       0.251879   0.000547738 
dmft-005    1     1     1     1     2         346.4       0.251892   0.000547951 
dmft-005    1     1     1     1     2         346.8       0.251917    0.00055061 
dmft-005    1     1     1     1     2         347.2       0.251949   0.000552548 
dmft-005    1     1     1     1     2         347.6       0.251985   0.000554795 
dmft-005    1     1     1     1     2           348       0.252014   0.000557704 
dmft-005    1     1     1     1     2         348.4       0.252075   0.000556443 
dmft-005    1     1     1     1     2         348.8       0.252106   0.000556073 
dmft-005    1     1     1     1     2         349.2       0.252146   0.000558243 
dmft-005    1     1     1     1     2         349.6       0.252179      0.000559 
dmft-005    1     1     1     1     2           350       0.252211   0.000560513 
dmft-005    1     1     1     1     2         350.4       0.252235   0.000559683 
dmft-005    1     1     1     1     2         350.8       0.252277   0.000559271 
dmft-005    1     1     1     1     2         351.2       0.252311   0.000556461 
dmft-005    1     1     1     1     2         351.6       0.252354   0.000555987 
dmft-005    1     1     1     1     2           352       0.252374   0.000556548 
dmft-005    1     1     1     1     2         352.4       0.252407   0.000557033 
dmft-005    1     1     1     1     2         352.8       0.252438   0.000556614 
dmft-005    1     1     1     1     2         353.2       0.252483   0.000555937 
dmft-005    1     1     1     1     2         353.6       0.252521   0.000554504 
dmft-005    1     1     1     1     2           354       0.252554   0.000552309 
dmft-005    1     1     1     1     2         354.4       0.252602   0.000552087 
dmft-005    1     1     1     1     2         354.8       0.252662   0.000551505 
dmft-005    1     1     1     1     2         355.2       0.252718   0.000550108 
dmft-005    1     1     1     1     2         355.6       0.252758   0.000549693 
dmft-005    1     1     1     1     2           356       0.252795   0.000549216 
dmft-005    1     1     1     1     2         356.4       0.252848   0.000547621 
dmft-005    1     1     1     1     2         356.8       0.252893   0.000548618 
dmft-005    1     1     1     1     2         357.2       0.252946   0.000547185 
dmft-005    1     1     1     1     2         357.6       0.253004   0.000546881 
dmft-005    1     1     1     1     2           358       0.253058    0.00054791 
dmft-005    1     1     1     1     2         358.4       0.253103   0.000551396 
dmft-005    1     1     1     1     2         358.8       0.253154   0.000552655 
dmft-005    1     1     1     1     2         359.2       0.253191   0.000555559 
dmft-005    1     1     1     1     2         359.6       0.253233   0.000556987 
dmft-005    1     1     1     1     2           360       0.253267   0.000557685 
dmft-005    1     1     1     1     2         360.4       0.253296   0.000559439 
dmft-005    1     1     1     1     2         360.8       0.253342   0.000559977 
dmft-005    1     1     1     1     2         361.2         0.2534   0.000561566 
dmft-005    1     1     1     1     2         361.6       0.253461   0.000561869 
dmft-005    1     1     1     1     2           362       0.253515   0.000558975 
dmft-005    1     1     1     1     2         362.4       0.253564   0.000557428 
dmft-005    1     1     1     1     2         362.8       0.253608   0.000560697 
dmft-005    1     1     1     1     2         363.2       0.253652   0.000564003 
dmft-005    1     1     1     1     2         363.6       0.253704    0.00056499 
dmft-005    1     1     1     1     2           364       0.253766   0.000565099 
dmft-005    1     1     1     1     2         364.4       0.253821   0.000565777 
dmft-005    1     1     1     1     2         364.8       0.253886   0.000567341 
dmft-005    1     1     1     1     2         365.2       0.253957   0.000569052 
dmft-005    1     1     1     1     2         365.6       0.254014   0.000573006 
dmft-005    1     1     1     1     2           366       0.254087     0.0005735 
dmft-005    1     1     1     1     2         366.4       0.254145   0.000573427 
dmft-005    1     1     1     1     2         366.8       0.254194    0.00057343 
dmft-005    1     1     1     1     2         367.2       0.254247   0.000573607 
dmft-005    1     1     1     1     2         367.6       0.254318   0.000574787 
dmft-005    1     1     1     1     2           368       0.254366    0.00057417 
dmft-005    1     1     1     1     2         368.4       0.254412   0.000575421 
dmft-005    1     1     1     1     2         368.8       0.254482   0.000574201 
dmft-005    1     1     1     1     2         369.2       0.254539   0.000573998 
dmft-005    1     1     1     1     2         369.6       0.254613   0.000573812 
dmft-005    1     1     1     1     2           370        0.25469   0.000574599 
dmft-005    1     1     1     1     2         370.4       0.254751    0.00057568 
dmft-005    1     1     1     1     2         370.8       0.254823   0.000580026 
dmft-005    1     1     1     1     2         371.2       0.254875   0.000578224 
dmft-005    1     1     1     1     2         371.6       0.254927   0.000576428 
dmft-005    1     1     1     1     2           372       0.254981   0.000575904 
dmft-005    1     1     1     1     2         372.4       0.255036   0.000574583 
dmft-005    1     1     1     1     2         372.8        0.25509   0.000571803 
dmft-005    1     1     1     1     2         373.2       0.255149   0.000574191 
dmft-005    1     1     1     1     2         373.6       0.255201   0.000571771 
dmft-005    1     1     1     1     2           374       0.255225   0.000571192 
dmft-005    1     1     1     1     2         374.4       0.255262   0.000571932 
dmft-005    1     1     1     1     2         374.8       0.255311   0.000571547 
dmft-005    1     1     1     1     2         375.2       0.255367   0.000569304 
dmft-005    1     1     1     1     2         375.6       0.255402   0.000563178 
dmft-005    1     1     1     1     2           376       0.255439   0.000560801 
dmft-005    1     1     1     1     2         376.4       0.255476   0.000558527 
dmft-005    1     1     1     1     2         376.8       0.255517   0.000554451 
dmft-005    1     1     1     1     2         377.2       0.255558    0.00055128 
dmft-005    1     1     1     1     2         377.6       0.255582   0.000553851 
dmft-005    1     1     1     1     2           378       0.255615    0.00055699 
dmft-005    1     1     1     1     2         378.4        0.25565    0.00055821 
dmft-005    1     1     1     1     2         378.8       0.255678   0.000559786 
dmft-005    1     1     1     1     2         379.2       0.255699   0.000561573 
dmft-005    1     1     1     1     2         379.6       0.255714   0.000562619 
dmft-005    1     1     1     1     2           380       0.255719   0.000564053 
dmft-005    1     1     1     1     2         380.4       0.255717    0.00056206 
dmft-005    1     1     1     1     2         380.8       0.255712   0.000560522 
dmft-005    1     1     1     1     2         381.2       0.255711   0.000560748 
dmft-005    1     1     1     1     2         381.6       0.255704   0.000560412 
dmft-005    1     1     1     1     2           382       0.255691    0.00056172 
dmft-005    1     1     1     1     2         382.4       0.255678   0.000564243 
dmft-005    1     1     1     1     2         382.8       0.255656   0.000565422 
dmft-005    1     1     1     1     2         383.2       0.255632   0.000568107 
dmft-005    1     1     1     1     2         383.6       0.255595   0.000569472 
dmft-005    1     1     1     1     2           384       0.255565   0.000569414 
dmft-005    1     1     1     1     2         384.4       0.255503   0.000570852 
dmft-005    1     1     1     1     2         384.8       0.255435    0.00057106 
dmft-005    1     1     1     1     2         385.2       0.255351   0.000571658 
dmft-005    1     1     1     1     2         385.6       0.255264   0.000571064 
dmft-005    1     1     1     1     2           386       0.255165   0.000571314 
dmft-005    1     1     1     1     2         386.4       0.255042   0.000571172 
dmft-005    1     1     1     1     2         386.8       0.254901   0.000570855 
dmft-005    1     1     1     1     2         387.2       0.254734   0.000567767 
dmft-005    1     1     1     1     2         387.6       0.254538   0.000565145 
dmft-005    1     1     1     1     2           388       0.254303   0.000563421 
dmft-005    1     1     1     1     2         388.4       0.254039   0.000563898 
dmft-005    1     1     1     1     2         388.8       0.253748   0.000563402 
dmft-005    1     1     1     1     2         389.2       0.253394   0.000562902 
dmft-005    1     1     1     1     2         389.6        0.25299   0.000561317 
dmft-005    1     1     1     1     2           390       0.252543   0.000560888 
dmft-005    1     1     1     1     2         390.4       0.252027   0.000563078 
dmft-005    1     1     1     1     2         390.8       0.251449   0.000561856 
dmft-005    1     1     1     1     2         391.2       0.250772   0.000562651 
dmft-005    1     1     1     1     2         391.6       0.250024   0.000567666 
dmft-005    1     1     1     1     2           392       0.249169   0.000569587 
dmft-005    1     1     1     1     2         392.4       0.248198   0.000568431 
dmft-005    1     1     1     1     2         392.8       0.247117   0.000570275 
dmft-005    1     1     1     1     2         393.2       0.245893    0.00057387 
dmft-005    1     1     1     1     2         393.6       0.244488   0.000573883 
dmft-005    1     1     1     1     2           394       0.242888   0.000576524 
dmft-005    1     1     1     1     2         394.4       0.241062   0.000579987 
dmft-005    1     1     1     1     2         394.8        0.23895    0.00058457 
dmft-005    1     1     1     1     2         395.2       0.236503   0.000587565 
dmft-005    1     1     1     1     2         395.6       0.233682   0.000590503 
dmft-005    1     1     1     1     2           396       0.230394   0.000594756 
dmft-005    1     1     1     1     2         396.4        0.22655    0.00059449 
dmft-005    1     1     1     1     2         396.8       0.222003   0.000593235 
dmft-005    1     1     1     1     2         397.2       0.216608   0.000594307 
dmft-005    1     1     1     1     2         397.6       0.210175   0.000595955 
dmft-005    1     1     1     1     2           398       0.202436   0.000597722 
dmft-005    1     1     1     1     2         398.4       0.193052   0.000601318 
dmft-005    1     1     1     1     2         398.8       0.181716   0.000604638 
dmft-005    1     1     1     1     2         399.2        0.16833   0.000608383 
dmft-005    1     1     1     1     2         399.6       0.153977   0.000613263 
dmft-005    1     1     1     1     2           400       0.145097   0.000615212 
