#UbUs_1b-2023-08-01-Tue-12-57-57.hdf5 ntau-n0
#iter    ineq band1 spin1 band2 spin2        tausus          value         error 
dmft-005    1     1     1     1     2             0       0.109579   6.36074e-05 
dmft-005    1     1     1     1     2           0.4       0.119464   6.56256e-05 
dmft-005    1     1     1     1     2           0.8       0.135701   7.20692e-05 
dmft-005    1     1     1     1     2           1.2       0.151033   7.62716e-05 
dmft-005    1     1     1     1     2           1.6        0.16419   8.36143e-05 
dmft-005    1     1     1     1     2             2       0.175167   8.85867e-05 
dmft-005    1     1     1     1     2           2.4        0.18433   9.10713e-05 
dmft-005    1     1     1     1     2           2.8       0.192009   9.59707e-05 
dmft-005    1     1     1     1     2           3.2       0.198484    0.00010041 
dmft-005    1     1     1     1     2           3.6        0.20396   0.000100496 
dmft-005    1     1     1     1     2             4       0.208659   9.89659e-05 
dmft-005    1     1     1     1     2           4.4       0.212707   9.95275e-05 
dmft-005    1     1     1     1     2           4.8       0.216208   0.000101521 
dmft-005    1     1     1     1     2           5.2       0.219262   0.000103988 
dmft-005    1     1     1     1     2           5.6       0.221933    0.00010642 
dmft-005    1     1     1     1     2             6       0.224293   0.000107494 
dmft-005    1     1     1     1     2           6.4         0.2264   0.000108646 
dmft-005    1     1     1     1     2           6.8       0.228266    0.00010957 
dmft-005    1     1     1     1     2           7.2       0.229937   0.000112761 
dmft-005    1     1     1     1     2           7.6       0.231431   0.000115249 
dmft-005    1     1     1     1     2             8       0.232762   0.000116628 
dmft-005    1     1     1     1     2           8.4       0.233977   0.000119161 
dmft-005    1     1     1     1     2           8.8       0.235054   0.000124397 
dmft-005    1     1     1     1     2           9.2       0.236046    0.00012628 
dmft-005    1     1     1     1     2           9.6       0.236937   0.000128369 
dmft-005    1     1     1     1     2            10       0.237758   0.000131859 
dmft-005    1     1     1     1     2          10.4       0.238493   0.000132596 
dmft-005    1     1     1     1     2          10.8       0.239152   0.000136362 
dmft-005    1     1     1     1     2          11.2       0.239768   0.000137504 
dmft-005    1     1     1     1     2          11.6       0.240329   0.000135265 
dmft-005    1     1     1     1     2            12        0.24085    0.00013497 
dmft-005    1     1     1     1     2          12.4       0.241322   0.000133891 
dmft-005    1     1     1     1     2          12.8       0.241785   0.000134677 
dmft-005    1     1     1     1     2          13.2       0.242198   0.000135958 
dmft-005    1     1     1     1     2          13.6       0.242582   0.000135861 
dmft-005    1     1     1     1     2            14       0.242935   0.000136874 
dmft-005    1     1     1     1     2          14.4        0.24326   0.000136329 
dmft-005    1     1     1     1     2          14.8       0.243577   0.000137875 
dmft-005    1     1     1     1     2          15.2       0.243874     0.0001394 
dmft-005    1     1     1     1     2          15.6       0.244145   0.000139438 
dmft-005    1     1     1     1     2            16       0.244387   0.000142317 
dmft-005    1     1     1     1     2          16.4       0.244604   0.000144973 
dmft-005    1     1     1     1     2          16.8       0.244835   0.000144941 
dmft-005    1     1     1     1     2          17.2       0.245062   0.000144811 
dmft-005    1     1     1     1     2          17.6       0.245269    0.00014568 
dmft-005    1     1     1     1     2            18       0.245457   0.000144712 
dmft-005    1     1     1     1     2          18.4       0.245637   0.000146859 
dmft-005    1     1     1     1     2          18.8       0.245813   0.000147466 
dmft-005    1     1     1     1     2          19.2       0.245965    0.00015064 
dmft-005    1     1     1     1     2          19.6       0.246118   0.000150348 
dmft-005    1     1     1     1     2            20       0.246266   0.000147347 
dmft-005    1     1     1     1     2          20.4         0.2464   0.000148042 
dmft-005    1     1     1     1     2          20.8       0.246534    0.00015006 
dmft-005    1     1     1     1     2          21.2       0.246666   0.000151509 
dmft-005    1     1     1     1     2          21.6       0.246771   0.000151889 
dmft-005    1     1     1     1     2            22       0.246872   0.000149193 
dmft-005    1     1     1     1     2          22.4       0.246969   0.000148905 
dmft-005    1     1     1     1     2          22.8       0.247062   0.000149102 
dmft-005    1     1     1     1     2          23.2       0.247154    0.00014724 
dmft-005    1     1     1     1     2          23.6       0.247249   0.000145957 
dmft-005    1     1     1     1     2            24       0.247339   0.000145564 
dmft-005    1     1     1     1     2          24.4       0.247418   0.000140406 
dmft-005    1     1     1     1     2          24.8       0.247499   0.000138323 
dmft-005    1     1     1     1     2          25.2       0.247554   0.000136354 
dmft-005    1     1     1     1     2          25.6       0.247611   0.000134123 
dmft-005    1     1     1     1     2            26       0.247664   0.000135313 
dmft-005    1     1     1     1     2          26.4       0.247714   0.000135252 
dmft-005    1     1     1     1     2          26.8       0.247775   0.000136962 
dmft-005    1     1     1     1     2          27.2       0.247819   0.000140092 
dmft-005    1     1     1     1     2          27.6       0.247857   0.000139715 
dmft-005    1     1     1     1     2            28       0.247928   0.000141103 
dmft-005    1     1     1     1     2          28.4        0.24799   0.000140642 
dmft-005    1     1     1     1     2          28.8       0.248056   0.000140336 
dmft-005    1     1     1     1     2          29.2       0.248104   0.000140274 
dmft-005    1     1     1     1     2          29.6       0.248165   0.000141558 
dmft-005    1     1     1     1     2            30       0.248214   0.000138582 
dmft-005    1     1     1     1     2          30.4       0.248245   0.000135023 
dmft-005    1     1     1     1     2          30.8       0.248273   0.000132608 
dmft-005    1     1     1     1     2          31.2       0.248296   0.000133196 
dmft-005    1     1     1     1     2          31.6       0.248325   0.000131822 
dmft-005    1     1     1     1     2            32       0.248347   0.000132108 
dmft-005    1     1     1     1     2          32.4       0.248364   0.000132464 
dmft-005    1     1     1     1     2          32.8       0.248395   0.000130121 
dmft-005    1     1     1     1     2          33.2       0.248434   0.000128306 
dmft-005    1     1     1     1     2          33.6       0.248462   0.000127891 
dmft-005    1     1     1     1     2            34       0.248488   0.000127696 
dmft-005    1     1     1     1     2          34.4       0.248503   0.000127779 
dmft-005    1     1     1     1     2          34.8       0.248532   0.000128784 
dmft-005    1     1     1     1     2          35.2       0.248574    0.00012664 
dmft-005    1     1     1     1     2          35.6       0.248607   0.000124927 
dmft-005    1     1     1     1     2            36       0.248635   0.000122196 
dmft-005    1     1     1     1     2          36.4       0.248657   0.000121627 
dmft-005    1     1     1     1     2          36.8       0.248685   0.000118487 
dmft-005    1     1     1     1     2          37.2       0.248721   0.000115889 
dmft-005    1     1     1     1     2          37.6       0.248736   0.000112578 
dmft-005    1     1     1     1     2            38       0.248744   0.000111048 
dmft-005    1     1     1     1     2          38.4       0.248766   0.000110425 
dmft-005    1     1     1     1     2          38.8       0.248807   0.000111647 
dmft-005    1     1     1     1     2          39.2       0.248836    0.00011127 
dmft-005    1     1     1     1     2          39.6       0.248867    0.00011263 
dmft-005    1     1     1     1     2            40       0.248894   0.000115673 
dmft-005    1     1     1     1     2          40.4       0.248921   0.000114976 
dmft-005    1     1     1     1     2          40.8       0.248946   0.000117301 
dmft-005    1     1     1     1     2          41.2       0.248968   0.000116821 
dmft-005    1     1     1     1     2          41.6       0.248961   0.000115447 
dmft-005    1     1     1     1     2            42       0.248949    0.00011379 
dmft-005    1     1     1     1     2          42.4       0.248954   0.000113195 
dmft-005    1     1     1     1     2          42.8       0.248954   0.000114752 
dmft-005    1     1     1     1     2          43.2       0.248956   0.000116013 
dmft-005    1     1     1     1     2          43.6       0.248963   0.000112903 
dmft-005    1     1     1     1     2            44       0.248966     0.0001107 
dmft-005    1     1     1     1     2          44.4       0.248971   0.000106938 
dmft-005    1     1     1     1     2          44.8       0.248975   0.000104532 
dmft-005    1     1     1     1     2          45.2       0.248998   0.000105173 
dmft-005    1     1     1     1     2          45.6       0.249013   0.000103738 
dmft-005    1     1     1     1     2            46       0.249045   0.000104056 
dmft-005    1     1     1     1     2          46.4        0.24905   0.000103979 
dmft-005    1     1     1     1     2          46.8       0.249052   0.000102925 
dmft-005    1     1     1     1     2          47.2       0.249065   0.000103686 
dmft-005    1     1     1     1     2          47.6       0.249085   0.000103785 
dmft-005    1     1     1     1     2            48       0.249089   0.000105437 
dmft-005    1     1     1     1     2          48.4       0.249109   0.000105851 
dmft-005    1     1     1     1     2          48.8       0.249123   0.000108201 
dmft-005    1     1     1     1     2          49.2        0.24914   0.000106347 
dmft-005    1     1     1     1     2          49.6       0.249156    0.00010883 
dmft-005    1     1     1     1     2            50       0.249169   0.000108948 
dmft-005    1     1     1     1     2          50.4       0.249191   0.000109612 
dmft-005    1     1     1     1     2          50.8         0.2492   0.000110656 
dmft-005    1     1     1     1     2          51.2       0.249232   0.000110556 
dmft-005    1     1     1     1     2          51.6       0.249251   0.000108044 
dmft-005    1     1     1     1     2            52       0.249271   0.000107938 
dmft-005    1     1     1     1     2          52.4        0.24928   0.000106655 
dmft-005    1     1     1     1     2          52.8        0.24928   0.000106459 
dmft-005    1     1     1     1     2          53.2       0.249291   0.000103611 
dmft-005    1     1     1     1     2          53.6       0.249328   0.000103478 
dmft-005    1     1     1     1     2            54       0.249347   0.000102255 
dmft-005    1     1     1     1     2          54.4       0.249358    0.00010161 
dmft-005    1     1     1     1     2          54.8       0.249367   0.000101918 
dmft-005    1     1     1     1     2          55.2       0.249375   0.000102128 
dmft-005    1     1     1     1     2          55.6       0.249392   0.000100015 
dmft-005    1     1     1     1     2            56       0.249412   9.77333e-05 
dmft-005    1     1     1     1     2          56.4       0.249415   9.60713e-05 
dmft-005    1     1     1     1     2          56.8       0.249433   9.62843e-05 
dmft-005    1     1     1     1     2          57.2       0.249448     9.592e-05 
dmft-005    1     1     1     1     2          57.6       0.249448   9.48978e-05 
dmft-005    1     1     1     1     2            58       0.249468   9.12239e-05 
dmft-005    1     1     1     1     2          58.4       0.249501   8.95029e-05 
dmft-005    1     1     1     1     2          58.8       0.249518   8.95393e-05 
dmft-005    1     1     1     1     2          59.2       0.249531   9.04727e-05 
dmft-005    1     1     1     1     2          59.6        0.24956   9.29414e-05 
dmft-005    1     1     1     1     2            60       0.249576   9.59919e-05 
dmft-005    1     1     1     1     2          60.4       0.249585   9.77421e-05 
dmft-005    1     1     1     1     2          60.8       0.249596   9.83914e-05 
dmft-005    1     1     1     1     2          61.2       0.249607   9.88586e-05 
dmft-005    1     1     1     1     2          61.6       0.249612   9.75357e-05 
dmft-005    1     1     1     1     2            62         0.2496   9.86089e-05 
dmft-005    1     1     1     1     2          62.4         0.2496   0.000102311 
dmft-005    1     1     1     1     2          62.8       0.249595   0.000103894 
dmft-005    1     1     1     1     2          63.2       0.249588   0.000104036 
dmft-005    1     1     1     1     2          63.6       0.249577   0.000104215 
dmft-005    1     1     1     1     2            64       0.249572   0.000107032 
dmft-005    1     1     1     1     2          64.4       0.249568   0.000107946 
dmft-005    1     1     1     1     2          64.8       0.249574   0.000112812 
dmft-005    1     1     1     1     2          65.2       0.249583   0.000113109 
dmft-005    1     1     1     1     2          65.6        0.24959   0.000110291 
dmft-005    1     1     1     1     2            66       0.249586   0.000111242 
dmft-005    1     1     1     1     2          66.4       0.249599   0.000114543 
dmft-005    1     1     1     1     2          66.8       0.249622   0.000116296 
dmft-005    1     1     1     1     2          67.2       0.249636   0.000117481 
dmft-005    1     1     1     1     2          67.6       0.249643   0.000117148 
dmft-005    1     1     1     1     2            68       0.249641   0.000115633 
dmft-005    1     1     1     1     2          68.4       0.249639    0.00011305 
dmft-005    1     1     1     1     2          68.8       0.249638    0.00011011 
dmft-005    1     1     1     1     2          69.2       0.249652   0.000109599 
dmft-005    1     1     1     1     2          69.6       0.249671    0.00010743 
dmft-005    1     1     1     1     2            70       0.249679   0.000107407 
dmft-005    1     1     1     1     2          70.4       0.249696   0.000106752 
dmft-005    1     1     1     1     2          70.8         0.2497   0.000106164 
dmft-005    1     1     1     1     2          71.2       0.249703   0.000103561 
dmft-005    1     1     1     1     2          71.6       0.249698   0.000103757 
dmft-005    1     1     1     1     2            72       0.249703   0.000103467 
dmft-005    1     1     1     1     2          72.4       0.249712   0.000103285 
dmft-005    1     1     1     1     2          72.8       0.249723   0.000101661 
dmft-005    1     1     1     1     2          73.2       0.249728   0.000103437 
dmft-005    1     1     1     1     2          73.6       0.249715   0.000103012 
dmft-005    1     1     1     1     2            74       0.249699    9.9841e-05 
dmft-005    1     1     1     1     2          74.4       0.249704   0.000100094 
dmft-005    1     1     1     1     2          74.8       0.249699   9.83778e-05 
dmft-005    1     1     1     1     2          75.2       0.249697   9.70982e-05 
dmft-005    1     1     1     1     2          75.6         0.2497   9.32076e-05 
dmft-005    1     1     1     1     2            76       0.249705   9.19049e-05 
dmft-005    1     1     1     1     2          76.4       0.249717   9.19643e-05 
dmft-005    1     1     1     1     2          76.8       0.249709   9.12221e-05 
dmft-005    1     1     1     1     2          77.2       0.249715   8.99559e-05 
dmft-005    1     1     1     1     2          77.6       0.249718   9.14233e-05 
dmft-005    1     1     1     1     2            78       0.249732    9.2345e-05 
dmft-005    1     1     1     1     2          78.4       0.249725   9.45244e-05 
dmft-005    1     1     1     1     2          78.8       0.249717   9.74553e-05 
dmft-005    1     1     1     1     2          79.2       0.249712   9.79476e-05 
dmft-005    1     1     1     1     2          79.6       0.249714   9.80711e-05 
dmft-005    1     1     1     1     2            80       0.249715   9.64177e-05 
dmft-005    1     1     1     1     2          80.4       0.249724   9.84032e-05 
dmft-005    1     1     1     1     2          80.8       0.249726   0.000100554 
dmft-005    1     1     1     1     2          81.2       0.249731     0.0001023 
dmft-005    1     1     1     1     2          81.6       0.249732   0.000108972 
dmft-005    1     1     1     1     2            82       0.249714   0.000112212 
dmft-005    1     1     1     1     2          82.4         0.2497   0.000115364 
dmft-005    1     1     1     1     2          82.8       0.249726   0.000114578 
dmft-005    1     1     1     1     2          83.2       0.249732   0.000112625 
dmft-005    1     1     1     1     2          83.6       0.249737   0.000112808 
dmft-005    1     1     1     1     2            84       0.249753   0.000113748 
dmft-005    1     1     1     1     2          84.4       0.249742   0.000114268 
dmft-005    1     1     1     1     2          84.8       0.249731    0.00011689 
dmft-005    1     1     1     1     2          85.2       0.249714   0.000117954 
dmft-005    1     1     1     1     2          85.6       0.249693   0.000117394 
dmft-005    1     1     1     1     2            86       0.249676    0.00011551 
dmft-005    1     1     1     1     2          86.4       0.249679   0.000113093 
dmft-005    1     1     1     1     2          86.8       0.249685   0.000113507 
dmft-005    1     1     1     1     2          87.2       0.249688    0.00011623 
dmft-005    1     1     1     1     2          87.6       0.249697   0.000116825 
dmft-005    1     1     1     1     2            88       0.249708   0.000115404 
dmft-005    1     1     1     1     2          88.4        0.24972   0.000115654 
dmft-005    1     1     1     1     2          88.8       0.249732   0.000116187 
dmft-005    1     1     1     1     2          89.2       0.249741   0.000117145 
dmft-005    1     1     1     1     2          89.6       0.249728   0.000116437 
dmft-005    1     1     1     1     2            90       0.249731    0.00011588 
dmft-005    1     1     1     1     2          90.4       0.249731   0.000115603 
dmft-005    1     1     1     1     2          90.8       0.249724    0.00011708 
dmft-005    1     1     1     1     2          91.2       0.249719   0.000117552 
dmft-005    1     1     1     1     2          91.6       0.249719   0.000117191 
dmft-005    1     1     1     1     2            92       0.249719   0.000117774 
dmft-005    1     1     1     1     2          92.4       0.249723   0.000116876 
dmft-005    1     1     1     1     2          92.8       0.249713   0.000117608 
dmft-005    1     1     1     1     2          93.2       0.249695   0.000117045 
dmft-005    1     1     1     1     2          93.6        0.24968   0.000116273 
dmft-005    1     1     1     1     2            94       0.249669   0.000115544 
dmft-005    1     1     1     1     2          94.4       0.249651   0.000113008 
dmft-005    1     1     1     1     2          94.8       0.249651   0.000112734 
dmft-005    1     1     1     1     2          95.2       0.249669   0.000115367 
dmft-005    1     1     1     1     2          95.6       0.249659   0.000117706 
dmft-005    1     1     1     1     2            96       0.249655   0.000118928 
dmft-005    1     1     1     1     2          96.4       0.249649   0.000120301 
dmft-005    1     1     1     1     2          96.8        0.24965   0.000122963 
dmft-005    1     1     1     1     2          97.2        0.24964   0.000122927 
dmft-005    1     1     1     1     2          97.6       0.249644    0.00012145 
dmft-005    1     1     1     1     2            98       0.249648   0.000122997 
dmft-005    1     1     1     1     2          98.4       0.249647   0.000124833 
dmft-005    1     1     1     1     2          98.8       0.249658   0.000123188 
dmft-005    1     1     1     1     2          99.2        0.24966   0.000119736 
dmft-005    1     1     1     1     2          99.6       0.249644   0.000117852 
dmft-005    1     1     1     1     2           100       0.249625   0.000115344 
dmft-005    1     1     1     1     2         100.4       0.249628   0.000111939 
dmft-005    1     1     1     1     2         100.8       0.249618   0.000110969 
dmft-005    1     1     1     1     2         101.2       0.249604   0.000106994 
dmft-005    1     1     1     1     2         101.6       0.249604   0.000107573 
dmft-005    1     1     1     1     2           102       0.249601   0.000107077 
dmft-005    1     1     1     1     2         102.4       0.249619   0.000109881 
dmft-005    1     1     1     1     2         102.8       0.249637   0.000109879 
dmft-005    1     1     1     1     2         103.2        0.24966   0.000108891 
dmft-005    1     1     1     1     2         103.6        0.24967   0.000108658 
dmft-005    1     1     1     1     2           104       0.249672   0.000109738 
dmft-005    1     1     1     1     2         104.4       0.249655   0.000109128 
dmft-005    1     1     1     1     2         104.8        0.24966   0.000110005 
dmft-005    1     1     1     1     2         105.2       0.249669   0.000108374 
dmft-005    1     1     1     1     2         105.6       0.249663   0.000108223 
dmft-005    1     1     1     1     2           106       0.249665   0.000109282 
dmft-005    1     1     1     1     2         106.4       0.249649   0.000112071 
dmft-005    1     1     1     1     2         106.8        0.24964   0.000113257 
dmft-005    1     1     1     1     2         107.2       0.249632    0.00011336 
dmft-005    1     1     1     1     2         107.6       0.249623   0.000112755 
dmft-005    1     1     1     1     2           108       0.249637   0.000108814 
dmft-005    1     1     1     1     2         108.4       0.249655   0.000108115 
dmft-005    1     1     1     1     2         108.8       0.249651   0.000108373 
dmft-005    1     1     1     1     2         109.2       0.249656   0.000108976 
dmft-005    1     1     1     1     2         109.6       0.249666   0.000108207 
dmft-005    1     1     1     1     2           110       0.249656   0.000107538 
dmft-005    1     1     1     1     2         110.4       0.249661    0.00010832 
dmft-005    1     1     1     1     2         110.8       0.249657   0.000112151 
dmft-005    1     1     1     1     2         111.2       0.249667    0.00011291 
dmft-005    1     1     1     1     2         111.6       0.249704   0.000115515 
dmft-005    1     1     1     1     2           112       0.249717   0.000116057 
dmft-005    1     1     1     1     2         112.4       0.249735   0.000119368 
dmft-005    1     1     1     1     2         112.8        0.24976   0.000121733 
dmft-005    1     1     1     1     2         113.2       0.249785   0.000123351 
dmft-005    1     1     1     1     2         113.6       0.249787    0.00012291 
dmft-005    1     1     1     1     2           114       0.249805   0.000124535 
dmft-005    1     1     1     1     2         114.4       0.249812   0.000126055 
dmft-005    1     1     1     1     2         114.8        0.24981   0.000128323 
dmft-005    1     1     1     1     2         115.2        0.24981   0.000129798 
dmft-005    1     1     1     1     2         115.6       0.249806    0.00012693 
dmft-005    1     1     1     1     2           116        0.24981   0.000125137 
dmft-005    1     1     1     1     2         116.4       0.249805   0.000123071 
dmft-005    1     1     1     1     2         116.8       0.249806   0.000121022 
dmft-005    1     1     1     1     2         117.2       0.249801   0.000118574 
dmft-005    1     1     1     1     2         117.6       0.249795   0.000119725 
dmft-005    1     1     1     1     2           118       0.249779   0.000119286 
dmft-005    1     1     1     1     2         118.4       0.249758   0.000117541 
dmft-005    1     1     1     1     2         118.8        0.24976   0.000117553 
dmft-005    1     1     1     1     2         119.2       0.249771   0.000118801 
dmft-005    1     1     1     1     2         119.6       0.249784   0.000120149 
dmft-005    1     1     1     1     2           120       0.249792   0.000118853 
dmft-005    1     1     1     1     2         120.4       0.249795   0.000116822 
dmft-005    1     1     1     1     2         120.8       0.249801   0.000118567 
dmft-005    1     1     1     1     2         121.2       0.249806   0.000117918 
dmft-005    1     1     1     1     2         121.6       0.249815   0.000116391 
dmft-005    1     1     1     1     2           122       0.249817   0.000114542 
dmft-005    1     1     1     1     2         122.4        0.24982   0.000111784 
dmft-005    1     1     1     1     2         122.8       0.249829   0.000108928 
dmft-005    1     1     1     1     2         123.2        0.24984   0.000108973 
dmft-005    1     1     1     1     2         123.6       0.249848    0.00010597 
dmft-005    1     1     1     1     2           124       0.249849   0.000104305 
dmft-005    1     1     1     1     2         124.4       0.249855   0.000103374 
dmft-005    1     1     1     1     2         124.8       0.249864   0.000102998 
dmft-005    1     1     1     1     2         125.2       0.249844   0.000102706 
dmft-005    1     1     1     1     2         125.6       0.249843   0.000101647 
dmft-005    1     1     1     1     2           126       0.249837   9.97552e-05 
dmft-005    1     1     1     1     2         126.4       0.249831   9.72479e-05 
dmft-005    1     1     1     1     2         126.8       0.249834   9.45132e-05 
dmft-005    1     1     1     1     2         127.2       0.249818   9.49415e-05 
dmft-005    1     1     1     1     2         127.6       0.249802   9.46605e-05 
dmft-005    1     1     1     1     2           128       0.249797   9.36642e-05 
dmft-005    1     1     1     1     2         128.4       0.249813   9.48574e-05 
dmft-005    1     1     1     1     2         128.8       0.249819    9.5515e-05 
dmft-005    1     1     1     1     2         129.2       0.249835   9.35497e-05 
dmft-005    1     1     1     1     2         129.6       0.249864   9.69167e-05 
dmft-005    1     1     1     1     2           130       0.249876   9.93436e-05 
dmft-005    1     1     1     1     2         130.4       0.249879   9.96208e-05 
dmft-005    1     1     1     1     2         130.8       0.249902   9.70368e-05 
dmft-005    1     1     1     1     2         131.2       0.249902   9.20311e-05 
dmft-005    1     1     1     1     2         131.6       0.249902    9.2329e-05 
dmft-005    1     1     1     1     2           132       0.249905   9.40287e-05 
dmft-005    1     1     1     1     2         132.4       0.249917   9.61797e-05 
dmft-005    1     1     1     1     2         132.8       0.249928    9.6847e-05 
dmft-005    1     1     1     1     2         133.2       0.249922   0.000101059 
dmft-005    1     1     1     1     2         133.6       0.249913   0.000102884 
dmft-005    1     1     1     1     2           134       0.249891   0.000103823 
dmft-005    1     1     1     1     2         134.4       0.249887   0.000107791 
dmft-005    1     1     1     1     2         134.8       0.249871   0.000109237 
dmft-005    1     1     1     1     2         135.2       0.249888   0.000112232 
dmft-005    1     1     1     1     2         135.6       0.249905   0.000116675 
dmft-005    1     1     1     1     2           136       0.249928   0.000119548 
dmft-005    1     1     1     1     2         136.4       0.249925   0.000124355 
dmft-005    1     1     1     1     2         136.8       0.249934    0.00012519 
dmft-005    1     1     1     1     2         137.2       0.249942   0.000122366 
dmft-005    1     1     1     1     2         137.6       0.249948   0.000120496 
dmft-005    1     1     1     1     2           138       0.249955   0.000119351 
dmft-005    1     1     1     1     2         138.4       0.249952   0.000119347 
dmft-005    1     1     1     1     2         138.8       0.249956   0.000119325 
dmft-005    1     1     1     1     2         139.2       0.249965   0.000116691 
dmft-005    1     1     1     1     2         139.6       0.249958   0.000114242 
dmft-005    1     1     1     1     2           140        0.24996   0.000113179 
dmft-005    1     1     1     1     2         140.4       0.249974    0.00011255 
dmft-005    1     1     1     1     2         140.8       0.249991   0.000114494 
dmft-005    1     1     1     1     2         141.2       0.249998   0.000114818 
dmft-005    1     1     1     1     2         141.6       0.249995   0.000113574 
dmft-005    1     1     1     1     2           142       0.250007   0.000113411 
dmft-005    1     1     1     1     2         142.4       0.250008   0.000113868 
dmft-005    1     1     1     1     2         142.8       0.250008   0.000114447 
dmft-005    1     1     1     1     2         143.2       0.250018   0.000118174 
dmft-005    1     1     1     1     2         143.6       0.250014    0.00012169 
dmft-005    1     1     1     1     2           144       0.249999   0.000123947 
dmft-005    1     1     1     1     2         144.4       0.250005    0.00012482 
dmft-005    1     1     1     1     2         144.8       0.250009    0.00012523 
dmft-005    1     1     1     1     2         145.2       0.250034   0.000124163 
dmft-005    1     1     1     1     2         145.6       0.250034   0.000124247 
dmft-005    1     1     1     1     2           146        0.25004   0.000121881 
dmft-005    1     1     1     1     2         146.4       0.250041   0.000120368 
dmft-005    1     1     1     1     2         146.8       0.250041   0.000120104 
dmft-005    1     1     1     1     2         147.2        0.25005   0.000116042 
dmft-005    1     1     1     1     2         147.6       0.250037   0.000113615 
dmft-005    1     1     1     1     2           148       0.250027   0.000114879 
dmft-005    1     1     1     1     2         148.4        0.25004   0.000115398 
dmft-005    1     1     1     1     2         148.8       0.250036    0.00011498 
dmft-005    1     1     1     1     2         149.2       0.250029   0.000112173 
dmft-005    1     1     1     1     2         149.6       0.250021   0.000110498 
dmft-005    1     1     1     1     2           150       0.250015   0.000109784 
dmft-005    1     1     1     1     2         150.4       0.250021   0.000111786 
dmft-005    1     1     1     1     2         150.8       0.250026   0.000110079 
dmft-005    1     1     1     1     2         151.2       0.250029   0.000109316 
dmft-005    1     1     1     1     2         151.6       0.250039   0.000110358 
dmft-005    1     1     1     1     2           152       0.250041   0.000110114 
dmft-005    1     1     1     1     2         152.4        0.25005   0.000108268 
dmft-005    1     1     1     1     2         152.8       0.250056   0.000107566 
dmft-005    1     1     1     1     2         153.2       0.250057   0.000110261 
dmft-005    1     1     1     1     2         153.6       0.250052   0.000112603 
dmft-005    1     1     1     1     2           154       0.250045   0.000116382 
dmft-005    1     1     1     1     2         154.4       0.250041   0.000118541 
dmft-005    1     1     1     1     2         154.8       0.250028   0.000117919 
dmft-005    1     1     1     1     2         155.2       0.250025   0.000117685 
dmft-005    1     1     1     1     2         155.6        0.25003   0.000116046 
dmft-005    1     1     1     1     2           156       0.250041   0.000117292 
dmft-005    1     1     1     1     2         156.4       0.250045   0.000116731 
dmft-005    1     1     1     1     2         156.8       0.250044   0.000117614 
dmft-005    1     1     1     1     2         157.2       0.250048   0.000119785 
dmft-005    1     1     1     1     2         157.6       0.250051   0.000121625 
dmft-005    1     1     1     1     2           158       0.250028    0.00012201 
dmft-005    1     1     1     1     2         158.4       0.250001    0.00012254 
dmft-005    1     1     1     1     2         158.8       0.249974   0.000120839 
dmft-005    1     1     1     1     2         159.2       0.249961   0.000118889 
dmft-005    1     1     1     1     2         159.6       0.249938   0.000119414 
dmft-005    1     1     1     1     2           160       0.249917   0.000118186 
dmft-005    1     1     1     1     2         160.4       0.249907   0.000118308 
dmft-005    1     1     1     1     2         160.8       0.249905   0.000118273 
dmft-005    1     1     1     1     2         161.2       0.249907   0.000116297 
dmft-005    1     1     1     1     2         161.6       0.249905   0.000114936 
dmft-005    1     1     1     1     2           162       0.249904   0.000114112 
dmft-005    1     1     1     1     2         162.4       0.249907   0.000116268 
dmft-005    1     1     1     1     2         162.8       0.249913   0.000117743 
dmft-005    1     1     1     1     2         163.2       0.249901   0.000117953 
dmft-005    1     1     1     1     2         163.6       0.249909   0.000119548 
dmft-005    1     1     1     1     2           164       0.249901   0.000119213 
dmft-005    1     1     1     1     2         164.4       0.249886   0.000122586 
dmft-005    1     1     1     1     2         164.8       0.249879   0.000122646 
dmft-005    1     1     1     1     2         165.2       0.249876   0.000120604 
dmft-005    1     1     1     1     2         165.6       0.249881   0.000120017 
dmft-005    1     1     1     1     2           166       0.249876   0.000119209 
dmft-005    1     1     1     1     2         166.4       0.249893   0.000117279 
dmft-005    1     1     1     1     2         166.8       0.249897   0.000116361 
dmft-005    1     1     1     1     2         167.2        0.24991   0.000116063 
dmft-005    1     1     1     1     2         167.6       0.249937   0.000113999 
dmft-005    1     1     1     1     2           168       0.249954   0.000113739 
dmft-005    1     1     1     1     2         168.4        0.24996   0.000112845 
dmft-005    1     1     1     1     2         168.8       0.249962   0.000113109 
dmft-005    1     1     1     1     2         169.2       0.249963   0.000113969 
dmft-005    1     1     1     1     2         169.6       0.249955   0.000112087 
dmft-005    1     1     1     1     2           170       0.249953   0.000109768 
dmft-005    1     1     1     1     2         170.4       0.249926   0.000109385 
dmft-005    1     1     1     1     2         170.8       0.249909   0.000106873 
dmft-005    1     1     1     1     2         171.2       0.249898    0.00010328 
dmft-005    1     1     1     1     2         171.6        0.24989   9.76161e-05 
dmft-005    1     1     1     1     2           172        0.24988   9.73546e-05 
dmft-005    1     1     1     1     2         172.4       0.249868   9.79173e-05 
dmft-005    1     1     1     1     2         172.8       0.249845   9.56821e-05 
dmft-005    1     1     1     1     2         173.2       0.249836   9.19597e-05 
dmft-005    1     1     1     1     2         173.6       0.249835   8.98879e-05 
dmft-005    1     1     1     1     2           174       0.249828   8.96528e-05 
dmft-005    1     1     1     1     2         174.4       0.249829   9.05482e-05 
dmft-005    1     1     1     1     2         174.8       0.249825   8.95227e-05 
dmft-005    1     1     1     1     2         175.2       0.249823   9.12334e-05 
dmft-005    1     1     1     1     2         175.6       0.249815    9.0376e-05 
dmft-005    1     1     1     1     2           176       0.249792   8.95785e-05 
dmft-005    1     1     1     1     2         176.4       0.249802   8.96345e-05 
dmft-005    1     1     1     1     2         176.8       0.249805   9.09077e-05 
dmft-005    1     1     1     1     2         177.2        0.24981    9.4357e-05 
dmft-005    1     1     1     1     2         177.6       0.249811    9.2496e-05 
dmft-005    1     1     1     1     2           178       0.249808   9.23997e-05 
dmft-005    1     1     1     1     2         178.4       0.249801   9.18972e-05 
dmft-005    1     1     1     1     2         178.8       0.249814   9.19986e-05 
dmft-005    1     1     1     1     2         179.2       0.249814    9.2229e-05 
dmft-005    1     1     1     1     2         179.6       0.249825   9.17728e-05 
dmft-005    1     1     1     1     2           180       0.249823   8.90818e-05 
dmft-005    1     1     1     1     2         180.4       0.249828    8.8252e-05 
dmft-005    1     1     1     1     2         180.8        0.24983   8.99876e-05 
dmft-005    1     1     1     1     2         181.2        0.24982   8.95765e-05 
dmft-005    1     1     1     1     2         181.6        0.24983   9.06941e-05 
dmft-005    1     1     1     1     2           182       0.249836   9.46394e-05 
dmft-005    1     1     1     1     2         182.4       0.249852   9.52415e-05 
dmft-005    1     1     1     1     2         182.8       0.249862   9.54646e-05 
dmft-005    1     1     1     1     2         183.2       0.249862   9.60652e-05 
dmft-005    1     1     1     1     2         183.6       0.249869   9.67415e-05 
dmft-005    1     1     1     1     2           184       0.249865   9.99516e-05 
dmft-005    1     1     1     1     2         184.4       0.249872   0.000102132 
dmft-005    1     1     1     1     2         184.8       0.249866   0.000102206 
dmft-005    1     1     1     1     2         185.2        0.24987   0.000104962 
dmft-005    1     1     1     1     2         185.6        0.24987   0.000104805 
dmft-005    1     1     1     1     2           186       0.249863   0.000103934 
dmft-005    1     1     1     1     2         186.4        0.24985   0.000104419 
dmft-005    1     1     1     1     2         186.8       0.249854   0.000104531 
dmft-005    1     1     1     1     2         187.2       0.249854   0.000108804 
dmft-005    1     1     1     1     2         187.6       0.249837   0.000112277 
dmft-005    1     1     1     1     2           188       0.249842   0.000110677 
dmft-005    1     1     1     1     2         188.4       0.249839   0.000109768 
dmft-005    1     1     1     1     2         188.8       0.249839   0.000109475 
dmft-005    1     1     1     1     2         189.2       0.249842   0.000110923 
dmft-005    1     1     1     1     2         189.6       0.249839   0.000111267 
dmft-005    1     1     1     1     2           190       0.249834   0.000114236 
dmft-005    1     1     1     1     2         190.4       0.249842   0.000115058 
dmft-005    1     1     1     1     2         190.8       0.249864   0.000118142 
dmft-005    1     1     1     1     2         191.2        0.24985   0.000120371 
dmft-005    1     1     1     1     2         191.6       0.249848   0.000123093 
dmft-005    1     1     1     1     2           192       0.249846   0.000124961 
dmft-005    1     1     1     1     2         192.4       0.249833    0.00012631 
dmft-005    1     1     1     1     2         192.8       0.249813   0.000128819 
dmft-005    1     1     1     1     2         193.2       0.249809   0.000129026 
dmft-005    1     1     1     1     2         193.6       0.249818   0.000126236 
dmft-005    1     1     1     1     2           194       0.249822   0.000126828 
dmft-005    1     1     1     1     2         194.4       0.249818   0.000125786 
dmft-005    1     1     1     1     2         194.8       0.249805   0.000125969 
dmft-005    1     1     1     1     2         195.2       0.249805   0.000125758 
dmft-005    1     1     1     1     2         195.6        0.24981   0.000126623 
dmft-005    1     1     1     1     2           196       0.249818   0.000126746 
dmft-005    1     1     1     1     2         196.4       0.249813   0.000130131 
dmft-005    1     1     1     1     2         196.8       0.249799    0.00012964 
dmft-005    1     1     1     1     2         197.2         0.2498   0.000129269 
dmft-005    1     1     1     1     2         197.6       0.249809   0.000132747 
dmft-005    1     1     1     1     2           198       0.249812   0.000137538 
dmft-005    1     1     1     1     2         198.4       0.249806   0.000139981 
dmft-005    1     1     1     1     2         198.8       0.249803     0.0001439 
dmft-005    1     1     1     1     2         199.2       0.249808   0.000144463 
dmft-005    1     1     1     1     2         199.6       0.249809   0.000145282 
dmft-005    1     1     1     1     2           200       0.249804   0.000144877 
dmft-005    1     1     1     1     2         200.4       0.249805   0.000145517 
dmft-005    1     1     1     1     2         200.8       0.249804   0.000144168 
dmft-005    1     1     1     1     2         201.2       0.249794   0.000142374 
dmft-005    1     1     1     1     2         201.6        0.24979     0.0001387 
dmft-005    1     1     1     1     2           202       0.249789   0.000135135 
dmft-005    1     1     1     1     2         202.4       0.249787   0.000129574 
dmft-005    1     1     1     1     2         202.8       0.249791   0.000126751 
dmft-005    1     1     1     1     2         203.2       0.249795   0.000126989 
dmft-005    1     1     1     1     2         203.6       0.249809   0.000126697 
dmft-005    1     1     1     1     2           204       0.249811   0.000123293 
dmft-005    1     1     1     1     2         204.4       0.249804   0.000123779 
dmft-005    1     1     1     1     2         204.8       0.249804   0.000123979 
dmft-005    1     1     1     1     2         205.2       0.249798   0.000124033 
dmft-005    1     1     1     1     2         205.6       0.249809   0.000124565 
dmft-005    1     1     1     1     2           206       0.249816   0.000127335 
dmft-005    1     1     1     1     2         206.4       0.249824   0.000127367 
dmft-005    1     1     1     1     2         206.8       0.249821   0.000129014 
dmft-005    1     1     1     1     2         207.2        0.24982   0.000129266 
dmft-005    1     1     1     1     2         207.6       0.249825   0.000127199 
dmft-005    1     1     1     1     2           208       0.249845   0.000125924 
dmft-005    1     1     1     1     2         208.4       0.249845   0.000124924 
dmft-005    1     1     1     1     2         208.8       0.249852   0.000122969 
dmft-005    1     1     1     1     2         209.2       0.249866   0.000120622 
dmft-005    1     1     1     1     2         209.6       0.249836   0.000118447 
dmft-005    1     1     1     1     2           210        0.24983   0.000115313 
dmft-005    1     1     1     1     2         210.4       0.249815    0.00011153 
dmft-005    1     1     1     1     2         210.8       0.249819   0.000110404 
dmft-005    1     1     1     1     2         211.2       0.249814   0.000109353 
dmft-005    1     1     1     1     2         211.6       0.249817   0.000108706 
dmft-005    1     1     1     1     2           212        0.24982   0.000110011 
dmft-005    1     1     1     1     2         212.4       0.249815   0.000111356 
dmft-005    1     1     1     1     2         212.8        0.24982   0.000109302 
dmft-005    1     1     1     1     2         213.2       0.249816   0.000106141 
dmft-005    1     1     1     1     2         213.6       0.249814   0.000106009 
dmft-005    1     1     1     1     2           214        0.24983   0.000105734 
dmft-005    1     1     1     1     2         214.4       0.249836   0.000104884 
dmft-005    1     1     1     1     2         214.8       0.249835   0.000103746 
dmft-005    1     1     1     1     2         215.2       0.249837   0.000102241 
dmft-005    1     1     1     1     2         215.6       0.249847   0.000102435 
dmft-005    1     1     1     1     2           216       0.249842   0.000101283 
dmft-005    1     1     1     1     2         216.4       0.249844   9.90364e-05 
dmft-005    1     1     1     1     2         216.8       0.249845   9.58379e-05 
dmft-005    1     1     1     1     2         217.2       0.249852   9.41304e-05 
dmft-005    1     1     1     1     2         217.6       0.249839   9.28255e-05 
dmft-005    1     1     1     1     2           218       0.249823   9.17271e-05 
dmft-005    1     1     1     1     2         218.4       0.249808   8.79304e-05 
dmft-005    1     1     1     1     2         218.8       0.249798   8.70208e-05 
dmft-005    1     1     1     1     2         219.2       0.249806   8.83078e-05 
dmft-005    1     1     1     1     2         219.6       0.249798   8.70415e-05 
dmft-005    1     1     1     1     2           220        0.24979   8.84976e-05 
dmft-005    1     1     1     1     2         220.4       0.249795   9.19575e-05 
dmft-005    1     1     1     1     2         220.8       0.249783   9.18498e-05 
dmft-005    1     1     1     1     2         221.2       0.249784   9.10237e-05 
dmft-005    1     1     1     1     2         221.6       0.249773   9.02969e-05 
dmft-005    1     1     1     1     2           222       0.249769   8.98038e-05 
dmft-005    1     1     1     1     2         222.4       0.249769   8.81653e-05 
dmft-005    1     1     1     1     2         222.8       0.249768   8.91891e-05 
dmft-005    1     1     1     1     2         223.2       0.249769   8.67972e-05 
dmft-005    1     1     1     1     2         223.6       0.249767   8.69252e-05 
dmft-005    1     1     1     1     2           224       0.249763   8.79617e-05 
dmft-005    1     1     1     1     2         224.4       0.249779   8.93408e-05 
dmft-005    1     1     1     1     2         224.8       0.249796    9.0613e-05 
dmft-005    1     1     1     1     2         225.2       0.249796   8.85848e-05 
dmft-005    1     1     1     1     2         225.6       0.249794   9.04969e-05 
dmft-005    1     1     1     1     2           226       0.249794   9.18062e-05 
dmft-005    1     1     1     1     2         226.4         0.2498   9.19561e-05 
dmft-005    1     1     1     1     2         226.8       0.249803   9.40817e-05 
dmft-005    1     1     1     1     2         227.2       0.249804   9.71636e-05 
dmft-005    1     1     1     1     2         227.6       0.249816    0.00010062 
dmft-005    1     1     1     1     2           228       0.249826   9.98258e-05 
dmft-005    1     1     1     1     2         228.4       0.249843   0.000102513 
dmft-005    1     1     1     1     2         228.8       0.249851    0.00010674 
dmft-005    1     1     1     1     2         229.2        0.24987   0.000109584 
dmft-005    1     1     1     1     2         229.6       0.249879   0.000111538 
dmft-005    1     1     1     1     2           230       0.249902   0.000113181 
dmft-005    1     1     1     1     2         230.4       0.249912   0.000114173 
dmft-005    1     1     1     1     2         230.8       0.249926   0.000117296 
dmft-005    1     1     1     1     2         231.2       0.249923   0.000117213 
dmft-005    1     1     1     1     2         231.6       0.249926    0.00011673 
dmft-005    1     1     1     1     2           232       0.249928    0.00011611 
dmft-005    1     1     1     1     2         232.4        0.24991   0.000115843 
dmft-005    1     1     1     1     2         232.8       0.249882   0.000116067 
dmft-005    1     1     1     1     2         233.2       0.249873    0.00011633 
dmft-005    1     1     1     1     2         233.6       0.249867   0.000117742 
dmft-005    1     1     1     1     2           234       0.249853   0.000119722 
dmft-005    1     1     1     1     2         234.4       0.249865   0.000120615 
dmft-005    1     1     1     1     2         234.8       0.249867   0.000122972 
dmft-005    1     1     1     1     2         235.2       0.249872   0.000126483 
dmft-005    1     1     1     1     2         235.6       0.249882   0.000125827 
dmft-005    1     1     1     1     2           236       0.249901   0.000120869 
dmft-005    1     1     1     1     2         236.4       0.249908   0.000121068 
dmft-005    1     1     1     1     2         236.8       0.249903   0.000120495 
dmft-005    1     1     1     1     2         237.2       0.249909   0.000120581 
dmft-005    1     1     1     1     2         237.6       0.249904   0.000117642 
dmft-005    1     1     1     1     2           238         0.2499   0.000114437 
dmft-005    1     1     1     1     2         238.4       0.249891   0.000115146 
dmft-005    1     1     1     1     2         238.8       0.249896   0.000115717 
dmft-005    1     1     1     1     2         239.2       0.249904   0.000117775 
dmft-005    1     1     1     1     2         239.6       0.249913   0.000118855 
dmft-005    1     1     1     1     2           240       0.249924   0.000119052 
dmft-005    1     1     1     1     2         240.4       0.249938   0.000120718 
dmft-005    1     1     1     1     2         240.8       0.249957   0.000121658 
dmft-005    1     1     1     1     2         241.2       0.249978   0.000122845 
dmft-005    1     1     1     1     2         241.6       0.250001   0.000124417 
dmft-005    1     1     1     1     2           242       0.250027   0.000123671 
dmft-005    1     1     1     1     2         242.4       0.250048    0.00012314 
dmft-005    1     1     1     1     2         242.8       0.250052   0.000121289 
dmft-005    1     1     1     1     2         243.2       0.250047    0.00012099 
dmft-005    1     1     1     1     2         243.6       0.250045   0.000119056 
dmft-005    1     1     1     1     2           244       0.250037   0.000119059 
dmft-005    1     1     1     1     2         244.4       0.250029   0.000116952 
dmft-005    1     1     1     1     2         244.8       0.250026   0.000118016 
dmft-005    1     1     1     1     2         245.2       0.250024   0.000117394 
dmft-005    1     1     1     1     2         245.6       0.250033   0.000116799 
dmft-005    1     1     1     1     2           246       0.250043   0.000114845 
dmft-005    1     1     1     1     2         246.4       0.250048   0.000111622 
dmft-005    1     1     1     1     2         246.8       0.250048   0.000108169 
dmft-005    1     1     1     1     2         247.2       0.250053   0.000105717 
dmft-005    1     1     1     1     2         247.6       0.250044   0.000105589 
dmft-005    1     1     1     1     2           248       0.250035   0.000107045 
dmft-005    1     1     1     1     2         248.4       0.250034    0.00010726 
dmft-005    1     1     1     1     2         248.8       0.250026   0.000106664 
dmft-005    1     1     1     1     2         249.2       0.250021   0.000107939 
dmft-005    1     1     1     1     2         249.6       0.250015   0.000109585 
dmft-005    1     1     1     1     2           250       0.250016   0.000108543 
dmft-005    1     1     1     1     2         250.4       0.250031   0.000109088 
dmft-005    1     1     1     1     2         250.8       0.250034    0.00011004 
dmft-005    1     1     1     1     2         251.2       0.250041   0.000112283 
dmft-005    1     1     1     1     2         251.6       0.250054   0.000112446 
dmft-005    1     1     1     1     2           252       0.250047   0.000113286 
dmft-005    1     1     1     1     2         252.4       0.250047   0.000111712 
dmft-005    1     1     1     1     2         252.8       0.250056   0.000114137 
dmft-005    1     1     1     1     2         253.2       0.250042   0.000118588 
dmft-005    1     1     1     1     2         253.6       0.250036   0.000120678 
dmft-005    1     1     1     1     2           254        0.25003   0.000121629 
dmft-005    1     1     1     1     2         254.4       0.250024    0.00012285 
dmft-005    1     1     1     1     2         254.8       0.250031   0.000124032 
dmft-005    1     1     1     1     2         255.2       0.250013    0.00012421 
dmft-005    1     1     1     1     2         255.6       0.250011   0.000124006 
dmft-005    1     1     1     1     2           256       0.250003   0.000124499 
dmft-005    1     1     1     1     2         256.4       0.250015   0.000124652 
dmft-005    1     1     1     1     2         256.8       0.250018   0.000121107 
dmft-005    1     1     1     1     2         257.2        0.25001   0.000117542 
dmft-005    1     1     1     1     2         257.6       0.250007   0.000118174 
dmft-005    1     1     1     1     2           258       0.250001   0.000117294 
dmft-005    1     1     1     1     2         258.4       0.249983   0.000116414 
dmft-005    1     1     1     1     2         258.8       0.249988   0.000117419 
dmft-005    1     1     1     1     2         259.2        0.24999   0.000117382 
dmft-005    1     1     1     1     2         259.6        0.24998   0.000115386 
dmft-005    1     1     1     1     2           260        0.24997   0.000116107 
dmft-005    1     1     1     1     2         260.4       0.249968   0.000116534 
dmft-005    1     1     1     1     2         260.8       0.249962   0.000118894 
dmft-005    1     1     1     1     2         261.2       0.249949   0.000121644 
dmft-005    1     1     1     1     2         261.6       0.249943   0.000121771 
dmft-005    1     1     1     1     2           262       0.249955   0.000121795 
dmft-005    1     1     1     1     2         262.4       0.249945   0.000123712 
dmft-005    1     1     1     1     2         262.8       0.249933   0.000125286 
dmft-005    1     1     1     1     2         263.2        0.24992   0.000127821 
dmft-005    1     1     1     1     2         263.6       0.249912   0.000125735 
dmft-005    1     1     1     1     2           264       0.249916   0.000121257 
dmft-005    1     1     1     1     2         264.4       0.249901   0.000117462 
dmft-005    1     1     1     1     2         264.8       0.249887   0.000113691 
dmft-005    1     1     1     1     2         265.2       0.249876   0.000110333 
dmft-005    1     1     1     1     2         265.6        0.24989    0.00010983 
dmft-005    1     1     1     1     2           266       0.249889   0.000107138 
dmft-005    1     1     1     1     2         266.4       0.249897   0.000105178 
dmft-005    1     1     1     1     2         266.8       0.249905   0.000103746 
dmft-005    1     1     1     1     2         267.2        0.24991   0.000101016 
dmft-005    1     1     1     1     2         267.6         0.2499    9.9653e-05 
dmft-005    1     1     1     1     2           268       0.249883   9.91619e-05 
dmft-005    1     1     1     1     2         268.4       0.249877   9.80918e-05 
dmft-005    1     1     1     1     2         268.8       0.249872   9.75301e-05 
dmft-005    1     1     1     1     2         269.2       0.249869   0.000101808 
dmft-005    1     1     1     1     2         269.6       0.249855   0.000103384 
dmft-005    1     1     1     1     2           270       0.249848   0.000102878 
dmft-005    1     1     1     1     2         270.4       0.249844   0.000100367 
dmft-005    1     1     1     1     2         270.8       0.249836   9.76368e-05 
dmft-005    1     1     1     1     2         271.2       0.249824   9.92582e-05 
dmft-005    1     1     1     1     2         271.6       0.249817   9.91629e-05 
dmft-005    1     1     1     1     2           272       0.249816   9.95204e-05 
dmft-005    1     1     1     1     2         272.4       0.249817   0.000100764 
dmft-005    1     1     1     1     2         272.8       0.249822   0.000102102 
dmft-005    1     1     1     1     2         273.2       0.249826   0.000101052 
dmft-005    1     1     1     1     2         273.6       0.249823   0.000103708 
dmft-005    1     1     1     1     2           274        0.24983   0.000106923 
dmft-005    1     1     1     1     2         274.4       0.249836   0.000109796 
dmft-005    1     1     1     1     2         274.8       0.249836   0.000110774 
dmft-005    1     1     1     1     2         275.2       0.249853   0.000110648 
dmft-005    1     1     1     1     2         275.6       0.249843   0.000111099 
dmft-005    1     1     1     1     2           276        0.24984   0.000112763 
dmft-005    1     1     1     1     2         276.4       0.249842   0.000115381 
dmft-005    1     1     1     1     2         276.8       0.249829   0.000116841 
dmft-005    1     1     1     1     2         277.2       0.249817   0.000117733 
dmft-005    1     1     1     1     2         277.6       0.249808    0.00011966 
dmft-005    1     1     1     1     2           278       0.249812    0.00012119 
dmft-005    1     1     1     1     2         278.4       0.249817   0.000122428 
dmft-005    1     1     1     1     2         278.8       0.249809   0.000122917 
dmft-005    1     1     1     1     2         279.2       0.249803   0.000121811 
dmft-005    1     1     1     1     2         279.6       0.249794   0.000121303 
dmft-005    1     1     1     1     2           280       0.249794   0.000123355 
dmft-005    1     1     1     1     2         280.4       0.249784   0.000125505 
dmft-005    1     1     1     1     2         280.8        0.24978   0.000124651 
dmft-005    1     1     1     1     2         281.2       0.249783   0.000123044 
dmft-005    1     1     1     1     2         281.6       0.249779   0.000123025 
dmft-005    1     1     1     1     2           282       0.249798   0.000125053 
dmft-005    1     1     1     1     2         282.4       0.249819    0.00012425 
dmft-005    1     1     1     1     2         282.8       0.249822   0.000122569 
dmft-005    1     1     1     1     2         283.2       0.249827   0.000125012 
dmft-005    1     1     1     1     2         283.6       0.249816   0.000126784 
dmft-005    1     1     1     1     2           284       0.249826   0.000128031 
dmft-005    1     1     1     1     2         284.4       0.249814   0.000130033 
dmft-005    1     1     1     1     2         284.8       0.249814    0.00013272 
dmft-005    1     1     1     1     2         285.2       0.249814   0.000130806 
dmft-005    1     1     1     1     2         285.6       0.249817   0.000127282 
dmft-005    1     1     1     1     2           286       0.249804   0.000125478 
dmft-005    1     1     1     1     2         286.4       0.249777   0.000123301 
dmft-005    1     1     1     1     2         286.8       0.249766   0.000123837 
dmft-005    1     1     1     1     2         287.2       0.249737   0.000122364 
dmft-005    1     1     1     1     2         287.6       0.249723   0.000120488 
dmft-005    1     1     1     1     2           288       0.249704   0.000118396 
dmft-005    1     1     1     1     2         288.4       0.249697   0.000118029 
dmft-005    1     1     1     1     2         288.8       0.249669   0.000115565 
dmft-005    1     1     1     1     2         289.2        0.24966   0.000115703 
dmft-005    1     1     1     1     2         289.6       0.249658   0.000112983 
dmft-005    1     1     1     1     2           290       0.249647   0.000113067 
dmft-005    1     1     1     1     2         290.4        0.24965   0.000113312 
dmft-005    1     1     1     1     2         290.8       0.249634   0.000113603 
dmft-005    1     1     1     1     2         291.2       0.249642   0.000111991 
dmft-005    1     1     1     1     2         291.6       0.249643    0.00011026 
dmft-005    1     1     1     1     2           292       0.249631   0.000110552 
dmft-005    1     1     1     1     2         292.4       0.249621   0.000114201 
dmft-005    1     1     1     1     2         292.8       0.249637   0.000114192 
dmft-005    1     1     1     1     2         293.2       0.249639   0.000112877 
dmft-005    1     1     1     1     2         293.6       0.249647   0.000111925 
dmft-005    1     1     1     1     2           294       0.249659   0.000108731 
dmft-005    1     1     1     1     2         294.4       0.249663   0.000107503 
dmft-005    1     1     1     1     2         294.8       0.249665   0.000108836 
dmft-005    1     1     1     1     2         295.2       0.249658   0.000110037 
dmft-005    1     1     1     1     2         295.6       0.249657   0.000108963 
dmft-005    1     1     1     1     2           296        0.24968   0.000108536 
dmft-005    1     1     1     1     2         296.4       0.249682   0.000105165 
dmft-005    1     1     1     1     2         296.8       0.249671   0.000105116 
dmft-005    1     1     1     1     2         297.2       0.249651   0.000105304 
dmft-005    1     1     1     1     2         297.6       0.249639   0.000105494 
dmft-005    1     1     1     1     2           298       0.249622   0.000104339 
dmft-005    1     1     1     1     2         298.4       0.249628   0.000105783 
dmft-005    1     1     1     1     2         298.8        0.24963   0.000108064 
dmft-005    1     1     1     1     2         299.2       0.249639   0.000110612 
dmft-005    1     1     1     1     2         299.6       0.249649   0.000110951 
dmft-005    1     1     1     1     2           300       0.249654   0.000112964 
dmft-005    1     1     1     1     2         300.4       0.249669   0.000114621 
dmft-005    1     1     1     1     2         300.8       0.249686   0.000116635 
dmft-005    1     1     1     1     2         301.2       0.249677   0.000121423 
dmft-005    1     1     1     1     2         301.6       0.249661   0.000124774 
dmft-005    1     1     1     1     2           302       0.249664   0.000123868 
dmft-005    1     1     1     1     2         302.4        0.24966   0.000124265 
dmft-005    1     1     1     1     2         302.8       0.249655   0.000125895 
dmft-005    1     1     1     1     2         303.2        0.24966   0.000125582 
dmft-005    1     1     1     1     2         303.6       0.249672   0.000123766 
dmft-005    1     1     1     1     2           304       0.249672   0.000123088 
dmft-005    1     1     1     1     2         304.4       0.249677   0.000122353 
dmft-005    1     1     1     1     2         304.8       0.249689   0.000120307 
dmft-005    1     1     1     1     2         305.2       0.249678   0.000117143 
dmft-005    1     1     1     1     2         305.6       0.249678   0.000115414 
dmft-005    1     1     1     1     2           306       0.249691   0.000116569 
dmft-005    1     1     1     1     2         306.4       0.249697   0.000117314 
dmft-005    1     1     1     1     2         306.8         0.2497   0.000116183 
dmft-005    1     1     1     1     2         307.2       0.249717   0.000116431 
dmft-005    1     1     1     1     2         307.6       0.249724   0.000114164 
dmft-005    1     1     1     1     2           308       0.249729     0.0001157 
dmft-005    1     1     1     1     2         308.4       0.249732   0.000116293 
dmft-005    1     1     1     1     2         308.8       0.249738   0.000116451 
dmft-005    1     1     1     1     2         309.2       0.249739   0.000115288 
dmft-005    1     1     1     1     2         309.6       0.249753   0.000113768 
dmft-005    1     1     1     1     2           310       0.249762     0.0001134 
dmft-005    1     1     1     1     2         310.4       0.249757   0.000113522 
dmft-005    1     1     1     1     2         310.8        0.24976   0.000113708 
dmft-005    1     1     1     1     2         311.2       0.249746   0.000112498 
dmft-005    1     1     1     1     2         311.6       0.249726   0.000113218 
dmft-005    1     1     1     1     2           312       0.249705   0.000114652 
dmft-005    1     1     1     1     2         312.4       0.249696   0.000116799 
dmft-005    1     1     1     1     2         312.8       0.249686   0.000116102 
dmft-005    1     1     1     1     2         313.2       0.249692   0.000112615 
dmft-005    1     1     1     1     2         313.6       0.249689   0.000111933 
dmft-005    1     1     1     1     2           314       0.249686   0.000114031 
dmft-005    1     1     1     1     2         314.4       0.249699   0.000116027 
dmft-005    1     1     1     1     2         314.8       0.249717   0.000116949 
dmft-005    1     1     1     1     2         315.2       0.249731   0.000118318 
dmft-005    1     1     1     1     2         315.6       0.249743   0.000114526 
dmft-005    1     1     1     1     2           316       0.249747   0.000112943 
dmft-005    1     1     1     1     2         316.4       0.249742   0.000111003 
dmft-005    1     1     1     1     2         316.8        0.24974   0.000110654 
dmft-005    1     1     1     1     2         317.2       0.249733   0.000113138 
dmft-005    1     1     1     1     2         317.6       0.249707   0.000113017 
dmft-005    1     1     1     1     2           318       0.249705   0.000109542 
dmft-005    1     1     1     1     2         318.4       0.249719   0.000106722 
dmft-005    1     1     1     1     2         318.8       0.249725   9.99108e-05 
dmft-005    1     1     1     1     2         319.2       0.249731   9.89119e-05 
dmft-005    1     1     1     1     2         319.6       0.249733   9.63032e-05 
dmft-005    1     1     1     1     2           320       0.249725    9.3779e-05 
dmft-005    1     1     1     1     2         320.4       0.249719   9.35839e-05 
dmft-005    1     1     1     1     2         320.8       0.249716    9.2712e-05 
dmft-005    1     1     1     1     2         321.2        0.24972   9.23758e-05 
dmft-005    1     1     1     1     2         321.6       0.249723   9.04034e-05 
dmft-005    1     1     1     1     2           322       0.249728   8.68862e-05 
dmft-005    1     1     1     1     2         322.4       0.249718   8.54988e-05 
dmft-005    1     1     1     1     2         322.8       0.249718    8.6292e-05 
dmft-005    1     1     1     1     2         323.2       0.249723   8.79555e-05 
dmft-005    1     1     1     1     2         323.6       0.249735   8.82244e-05 
dmft-005    1     1     1     1     2           324       0.249712   8.90344e-05 
dmft-005    1     1     1     1     2         324.4       0.249701   9.02541e-05 
dmft-005    1     1     1     1     2         324.8        0.24969   9.24526e-05 
dmft-005    1     1     1     1     2         325.2       0.249698   9.32631e-05 
dmft-005    1     1     1     1     2         325.6       0.249705   9.50034e-05 
dmft-005    1     1     1     1     2           326       0.249706   9.61896e-05 
dmft-005    1     1     1     1     2         326.4       0.249722   9.94801e-05 
dmft-005    1     1     1     1     2         326.8        0.24973   0.000101598 
dmft-005    1     1     1     1     2         327.2       0.249725   0.000100604 
dmft-005    1     1     1     1     2         327.6       0.249719    0.00010176 
dmft-005    1     1     1     1     2           328       0.249718   0.000101873 
dmft-005    1     1     1     1     2         328.4       0.249713   0.000101709 
dmft-005    1     1     1     1     2         328.8       0.249716   0.000101604 
dmft-005    1     1     1     1     2         329.2       0.249705   0.000103678 
dmft-005    1     1     1     1     2         329.6       0.249705   0.000105032 
dmft-005    1     1     1     1     2           330       0.249684   0.000107019 
dmft-005    1     1     1     1     2         330.4       0.249677   0.000106991 
dmft-005    1     1     1     1     2         330.8       0.249659   0.000110063 
dmft-005    1     1     1     1     2         331.2       0.249648   0.000110294 
dmft-005    1     1     1     1     2         331.6       0.249653   0.000114221 
dmft-005    1     1     1     1     2           332       0.249649   0.000115832 
dmft-005    1     1     1     1     2         332.4       0.249653   0.000116591 
dmft-005    1     1     1     1     2         332.8       0.249644   0.000115988 
dmft-005    1     1     1     1     2         333.2       0.249631   0.000116111 
dmft-005    1     1     1     1     2         333.6       0.249614   0.000114231 
dmft-005    1     1     1     1     2           334       0.249592     0.0001128 
dmft-005    1     1     1     1     2         334.4       0.249593   0.000111768 
dmft-005    1     1     1     1     2         334.8       0.249581   0.000112804 
dmft-005    1     1     1     1     2         335.2       0.249578    0.00011218 
dmft-005    1     1     1     1     2         335.6        0.24958   0.000108016 
dmft-005    1     1     1     1     2           336       0.249581   0.000106726 
dmft-005    1     1     1     1     2         336.4       0.249577   0.000104514 
dmft-005    1     1     1     1     2         336.8       0.249593   0.000104218 
dmft-005    1     1     1     1     2         337.2       0.249605   0.000104483 
dmft-005    1     1     1     1     2         337.6       0.249611   0.000102685 
dmft-005    1     1     1     1     2           338       0.249605   9.76917e-05 
dmft-005    1     1     1     1     2         338.4       0.249609   9.65995e-05 
dmft-005    1     1     1     1     2         338.8       0.249602   9.85883e-05 
dmft-005    1     1     1     1     2         339.2       0.249586    9.8742e-05 
dmft-005    1     1     1     1     2         339.6       0.249576   9.73813e-05 
dmft-005    1     1     1     1     2           340       0.249562   9.56891e-05 
dmft-005    1     1     1     1     2         340.4        0.24954   9.26121e-05 
dmft-005    1     1     1     1     2         340.8       0.249507   9.10654e-05 
dmft-005    1     1     1     1     2         341.2       0.249503   8.99588e-05 
dmft-005    1     1     1     1     2         341.6       0.249479    9.0552e-05 
dmft-005    1     1     1     1     2           342       0.249453   9.36963e-05 
dmft-005    1     1     1     1     2         342.4       0.249436   9.61845e-05 
dmft-005    1     1     1     1     2         342.8       0.249434   9.65056e-05 
dmft-005    1     1     1     1     2         343.2       0.249416   9.55564e-05 
dmft-005    1     1     1     1     2         343.6         0.2494   9.49501e-05 
dmft-005    1     1     1     1     2           344        0.24939    9.6134e-05 
dmft-005    1     1     1     1     2         344.4       0.249374   9.76634e-05 
dmft-005    1     1     1     1     2         344.8       0.249358   9.85576e-05 
dmft-005    1     1     1     1     2         345.2       0.249353   9.96522e-05 
dmft-005    1     1     1     1     2         345.6       0.249355   0.000100726 
dmft-005    1     1     1     1     2           346       0.249342   0.000101949 
dmft-005    1     1     1     1     2         346.4       0.249328   0.000101908 
dmft-005    1     1     1     1     2         346.8       0.249307   0.000102493 
dmft-005    1     1     1     1     2         347.2       0.249295   0.000104336 
dmft-005    1     1     1     1     2         347.6       0.249289   0.000104655 
dmft-005    1     1     1     1     2           348       0.249284   0.000106665 
dmft-005    1     1     1     1     2         348.4       0.249253    0.00010588 
dmft-005    1     1     1     1     2         348.8       0.249233    0.00010851 
dmft-005    1     1     1     1     2         349.2         0.2492   0.000109089 
dmft-005    1     1     1     1     2         349.6       0.249187   0.000108947 
dmft-005    1     1     1     1     2           350       0.249169   0.000107166 
dmft-005    1     1     1     1     2         350.4       0.249154   0.000106028 
dmft-005    1     1     1     1     2         350.8       0.249137   0.000104606 
dmft-005    1     1     1     1     2         351.2       0.249121   0.000105101 
dmft-005    1     1     1     1     2         351.6       0.249105    0.00010224 
dmft-005    1     1     1     1     2           352       0.249088     0.0001022 
dmft-005    1     1     1     1     2         352.4       0.249083   9.95871e-05 
dmft-005    1     1     1     1     2         352.8       0.249071   9.83534e-05 
dmft-005    1     1     1     1     2         353.2       0.249056   9.58868e-05 
dmft-005    1     1     1     1     2         353.6       0.249057   9.66643e-05 
dmft-005    1     1     1     1     2           354       0.249045   9.68155e-05 
dmft-005    1     1     1     1     2         354.4       0.249023   9.56829e-05 
dmft-005    1     1     1     1     2         354.8       0.249003   9.69208e-05 
dmft-005    1     1     1     1     2         355.2       0.248981   9.72984e-05 
dmft-005    1     1     1     1     2         355.6       0.248972   9.96895e-05 
dmft-005    1     1     1     1     2           356       0.248971    0.00010327 
dmft-005    1     1     1     1     2         356.4        0.24897   0.000107019 
dmft-005    1     1     1     1     2         356.8       0.248962   0.000109815 
dmft-005    1     1     1     1     2         357.2       0.248951   0.000111556 
dmft-005    1     1     1     1     2         357.6       0.248951   0.000111766 
dmft-005    1     1     1     1     2           358       0.248956   0.000113457 
dmft-005    1     1     1     1     2         358.4       0.248977   0.000115285 
dmft-005    1     1     1     1     2         358.8       0.248977   0.000117447 
dmft-005    1     1     1     1     2         359.2       0.248954   0.000118705 
dmft-005    1     1     1     1     2         359.6       0.248931   0.000116235 
dmft-005    1     1     1     1     2           360       0.248913    0.00011667 
dmft-005    1     1     1     1     2         360.4       0.248891   0.000113326 
dmft-005    1     1     1     1     2         360.8       0.248857   0.000112089 
dmft-005    1     1     1     1     2         361.2       0.248823   0.000112463 
dmft-005    1     1     1     1     2         361.6       0.248784   0.000112466 
dmft-005    1     1     1     1     2           362       0.248768   0.000112761 
dmft-005    1     1     1     1     2         362.4        0.24875   0.000114767 
dmft-005    1     1     1     1     2         362.8       0.248728   0.000117017 
dmft-005    1     1     1     1     2         363.2       0.248691   0.000118524 
dmft-005    1     1     1     1     2         363.6       0.248666   0.000120093 
dmft-005    1     1     1     1     2           364       0.248642    0.00012168 
dmft-005    1     1     1     1     2         364.4       0.248605   0.000123983 
dmft-005    1     1     1     1     2         364.8       0.248572   0.000126374 
dmft-005    1     1     1     1     2         365.2       0.248534   0.000127911 
dmft-005    1     1     1     1     2         365.6       0.248505   0.000125357 
dmft-005    1     1     1     1     2           366        0.24849    0.00012542 
dmft-005    1     1     1     1     2         366.4       0.248457   0.000125691 
dmft-005    1     1     1     1     2         366.8       0.248428   0.000127462 
dmft-005    1     1     1     1     2         367.2       0.248386    0.00012941 
dmft-005    1     1     1     1     2         367.6        0.24835   0.000132887 
dmft-005    1     1     1     1     2           368       0.248329   0.000131705 
dmft-005    1     1     1     1     2         368.4       0.248313    0.00013148 
dmft-005    1     1     1     1     2         368.8       0.248291    0.00013294 
dmft-005    1     1     1     1     2         369.2        0.24827   0.000133353 
dmft-005    1     1     1     1     2         369.6       0.248239   0.000134355 
dmft-005    1     1     1     1     2           370       0.248208   0.000137734 
dmft-005    1     1     1     1     2         370.4       0.248157   0.000140668 
dmft-005    1     1     1     1     2         370.8       0.248097   0.000140575 
dmft-005    1     1     1     1     2         371.2       0.248053   0.000142211 
dmft-005    1     1     1     1     2         371.6        0.24799   0.000142443 
dmft-005    1     1     1     1     2           372       0.247929   0.000141054 
dmft-005    1     1     1     1     2         372.4       0.247864   0.000139279 
dmft-005    1     1     1     1     2         372.8       0.247823   0.000141617 
dmft-005    1     1     1     1     2         373.2       0.247785     0.0001389 
dmft-005    1     1     1     1     2         373.6       0.247727   0.000136284 
dmft-005    1     1     1     1     2           374       0.247674   0.000135075 
dmft-005    1     1     1     1     2         374.4       0.247619   0.000134524 
dmft-005    1     1     1     1     2         374.8       0.247572   0.000136666 
dmft-005    1     1     1     1     2         375.2       0.247514   0.000140126 
dmft-005    1     1     1     1     2         375.6       0.247437    0.00014249 
dmft-005    1     1     1     1     2           376       0.247354   0.000148207 
dmft-005    1     1     1     1     2         376.4       0.247268   0.000150165 
dmft-005    1     1     1     1     2         376.8       0.247168   0.000150674 
dmft-005    1     1     1     1     2         377.2       0.247081   0.000151451 
dmft-005    1     1     1     1     2         377.6        0.24699   0.000151355 
dmft-005    1     1     1     1     2           378       0.246903   0.000152378 
dmft-005    1     1     1     1     2         378.4       0.246797   0.000155074 
dmft-005    1     1     1     1     2         378.8       0.246683   0.000154836 
dmft-005    1     1     1     1     2         379.2       0.246543   0.000154662 
dmft-005    1     1     1     1     2         379.6       0.246407   0.000151823 
dmft-005    1     1     1     1     2           380       0.246266   0.000150749 
dmft-005    1     1     1     1     2         380.4       0.246119   0.000152249 
dmft-005    1     1     1     1     2         380.8       0.245955    0.00015206 
dmft-005    1     1     1     1     2         381.2       0.245813   0.000149692 
dmft-005    1     1     1     1     2         381.6       0.245636   0.000148717 
dmft-005    1     1     1     1     2           382        0.24545   0.000146955 
dmft-005    1     1     1     1     2         382.4       0.245256   0.000149028 
dmft-005    1     1     1     1     2         382.8       0.245049   0.000146908 
dmft-005    1     1     1     1     2         383.2       0.244833   0.000147636 
dmft-005    1     1     1     1     2         383.6       0.244606   0.000147065 
dmft-005    1     1     1     1     2           384       0.244382   0.000143472 
dmft-005    1     1     1     1     2         384.4       0.244137   0.000141349 
dmft-005    1     1     1     1     2         384.8       0.243868   0.000140021 
dmft-005    1     1     1     1     2         385.2       0.243576    0.00013797 
dmft-005    1     1     1     1     2         385.6       0.243265   0.000136312 
dmft-005    1     1     1     1     2           386       0.242939   0.000136626 
dmft-005    1     1     1     1     2         386.4       0.242585   0.000135681 
dmft-005    1     1     1     1     2         386.8       0.242201   0.000136582 
dmft-005    1     1     1     1     2         387.2       0.241796   0.000135369 
dmft-005    1     1     1     1     2         387.6       0.241335   0.000135058 
dmft-005    1     1     1     1     2           388       0.240856   0.000137207 
dmft-005    1     1     1     1     2         388.4       0.240335    0.00013683 
dmft-005    1     1     1     1     2         388.8       0.239781   0.000138306 
dmft-005    1     1     1     1     2         389.2       0.239172   0.000136758 
dmft-005    1     1     1     1     2         389.6       0.238506   0.000133683 
dmft-005    1     1     1     1     2           390       0.237773   0.000133155 
dmft-005    1     1     1     1     2         390.4       0.236953   0.000130927 
dmft-005    1     1     1     1     2         390.8       0.236065   0.000130161 
dmft-005    1     1     1     1     2         391.2       0.235073   0.000128003 
dmft-005    1     1     1     1     2         391.6       0.233988    0.00012255 
dmft-005    1     1     1     1     2           392       0.232775   0.000120133 
dmft-005    1     1     1     1     2         392.4       0.231443    0.00011859 
dmft-005    1     1     1     1     2         392.8       0.229946   0.000115724 
dmft-005    1     1     1     1     2         393.2       0.228285   0.000110843 
dmft-005    1     1     1     1     2         393.6       0.226422   0.000109871 
dmft-005    1     1     1     1     2           394       0.224318   0.000109406 
dmft-005    1     1     1     1     2         394.4       0.221943   0.000108325 
dmft-005    1     1     1     1     2         394.8       0.219264   0.000106685 
dmft-005    1     1     1     1     2         395.2       0.216203   0.000103014 
dmft-005    1     1     1     1     2         395.6       0.212704    0.00010125 
dmft-005    1     1     1     1     2           396       0.208664   0.000102329 
dmft-005    1     1     1     1     2         396.4       0.203958   0.000102668 
dmft-005    1     1     1     1     2         396.8       0.198474   0.000101351 
dmft-005    1     1     1     1     2         397.2          0.192   9.66125e-05 
dmft-005    1     1     1     1     2         397.6       0.184325     9.226e-05 
dmft-005    1     1     1     1     2           398        0.17517   8.87989e-05 
dmft-005    1     1     1     1     2         398.4       0.164192   8.36618e-05 
dmft-005    1     1     1     1     2         398.8       0.151043   7.55227e-05 
dmft-005    1     1     1     1     2         399.2       0.135711   7.09817e-05 
dmft-005    1     1     1     1     2         399.6       0.119478   6.50064e-05 
dmft-005    1     1     1     1     2           400       0.109579   6.36074e-05 
